fakhouz	famly   	foulad
8035.00	12656.00	2829.00
8069.00	13147.00	2914.00
8097.00	13072.00	2899.00
8413.00	12989.00	2912.00
8436.00	12859.00	2811.00
8436.00	12750.00	2757.00
8436.00	12802.00	2865.00
8487.00	13308.00	2949.00
8667.00	13840.00	3009.00
8996.00	14379.00	3099.00
8919.00	14080.00	2998.00
8897.00	14207.00	2925.00
8845.00	14542.00	2897.00
8716.00	14559.00	2849.00
8677.00	14484.00	2923.00
8656.00	14102.00	2857.00
8576.00	14173.00	2810.00
8544.00	13920.00	2751.00
8430.00	14198.00	2846.00
8425.00	14398.00	2831.00
8418.00	14460.00	2827.00
8408.00	14237.00	2739.00
8403.00	14216.00	2734.00
8347.00	14035.00	2714.00
8333.00	13750.00	2613.00
8333.00	13204.00	2568.00
8221.00	13368.00	2636.00
8219.00	13815.00	2741.00
8285.00	14000.00	2838.00
8277.00	13569.00	2784.00
8505.00	13559.00	2893.00
8496.00	13637.00	3001.00
8496.00	13600.00	2931.00
8470.00	13607.00	2921.00
8468.00	13437.00	2875.00
8458.00	13381.00	2908.00
8452.00	13371.00	2927.00
8359.00	13469.00	3014.00
8507.00	14004.00	3126.00
8563.00	14343.00	3140.00
8664.00	14475.00	3217.00
8728.00	14378.00	3173.00
8702.00	13928.00	3053.00
8687.00	13980.00	2985.00
8657.00	13651.00	2872.00
8675.00	14086.00	2977.00
8679.00	14113.00	3094.00
8576.00	14136.00	3078.00
8661.00	14189.00	3175.00
8677.00	14188.00	3100.00
8975.00	14644.00	3196.00
9272.00	15221.00	3187.00
9214.00	15206.00	3170.00
9306.00	15737.00	3204.00
9299.00	15536.00	3102.00
9215.00	15382.00	3015.00
8946.00	15919.00	3119.00
9123.00	15989.00	3114.00
9123.00	15677.00	3102.00
9123.00	15659.00	3110.00
8316.00	15686.00	3105.00
8411.00	15702.00	3092.00
8306.00	15155.00	2976.00
8218.00	14741.00	2861.00
8210.00	14893.00	2897.00
8200.00	15241.00	2980.00
8198.00	15241.00	3062.00
8190.00	15241.00	3030.00
8154.00	15241.00	3019.00
8146.00	5229.00	3004.00
8141.00	5286.00	2997.00
8126.00	5354.00	2987.00
8081.00	5258.00	3052.00
8049.00	5198.00	3044.00
8048.00	5033.00	3031.00
8025.00	4983.00	3015.00
8002.00	5091.00	3028.00
8002.00	5138.00	3028.00
7935.00	5168.00	3028.00
7905.00	5264.00	2728.00
7885.00	5354.00	2728.00
7972.00	5433.00	2728.00
7986.00	5335.00	2837.00
7989.00	5361.00	2923.00
7985.00	5413.00	2898.00
7985.00	5354.00	2862.00
7984.00	5288.00	2814.00
7982.00	5313.00	2905.00
7958.00	5313.00	2909.00
7652.00	5278.00	2950.00
7648.00	5069.00	2850.00
7639.00	5033.00	2863.00
7639.00	4923.00	2827.00
7637.00	4733.00	2736.00
7630.00	4887.00	2820.00
7627.00	4885.00	2824.00
7627.00	4863.00	2818.00
7616.00	4868.00	2803.00
7613.00	4809.00	2791.00
7670.00	4779.00	2887.00
7662.00	4707.00	2899.00
7661.00	4696.00	2901.00
7704.00	4724.00	2964.00
7737.00	4769.00	2995.00
7748.00	4912.00	3008.00
7749.00	4888.00	2975.00
7769.00	4899.00	3073.00
8077.00	5000.00	3189.00
8077.00	5000.00	3189.00
8064.00	4972.00	3198.00
8073.00	4968.00	3193.00
8073.00	4920.00	3212.00
8154.00	4910.00	3269.00
8468.00	5055.00	3385.00
8762.00	5069.00	3420.00
8712.00	5193.00	3406.00
8699.00	5162.00	3391.00
8664.00	5111.00	3315.00
8637.00	5090.00	3247.00
8656.00	5089.00	3254.00
8656.00	5161.00	3259.00
8695.00	5070.00	3262.00
8983.00	4951.00	3262.00
9320.00	4952.00	3259.00
9108.00	4916.00	3132.00
8814.00	4899.00	3107.00
8834.00	4770.00	3186.00
8849.00	4834.00	3186.00
8845.00	4770.00	3181.00
8835.00	4752.00	3170.00
8828.00	4629.00	3156.00
8782.00	4662.00	3150.00
8771.00	4706.00	3145.00
8772.00	4750.00	3138.00
8769.00	4743.00	3118.00
8767.00	4715.00	3115.00
8751.00	4735.00	3152.00
8746.00	4708.00	3144.00
8736.00	4692.00	3124.00
8717.00	4531.00	3026.00
8717.00	4497.00	3013.00
8717.00	4493.00	3016.00
8717.00	4485.00	3019.00
8717.00	4482.00	2988.00
8717.00	4476.00	2963.00
8717.00	4482.00	2929.00
8717.00	4545.00	2932.00
8717.00	4556.00	2926.00
8717.00	4704.00	2910.00
8717.00	4690.00	2896.00
8717.00	4651.00	2892.00
8717.00	4643.00	2882.00
8717.00	4612.00	2877.00
8717.00	4581.00	2829.00
8717.00	4514.00	2786.00
8717.00	4449.00	2736.00
8717.00	4467.00	2768.00
8717.00	4478.00	2782.00
8717.00	4479.00	2774.00
8717.00	4481.00	2773.00
8717.00	4481.00	2770.00
8717.00	4478.00	2776.00
8717.00	4478.00	2764.00
8717.00	4469.00	2758.00
8717.00	4374.00	2684.00
8717.00	4225.00	2635.00
8717.00	4126.00	2625.00
8717.00	3978.00	2524.00
8717.00	3957.00	2518.00
8717.00	4110.00	2566.00
8717.00	4075.00	2561.00
8717.00	4133.00	2574.00
8717.00	4244.00	2667.00
8717.00	4409.00	2731.00
8717.00	4502.00	2698.00
8717.00	4434.00	2649.00
8717.00	4410.00	2627.00
8717.00	4413.00	2623.00
8717.00	4394.00	2611.00
8717.00	4362.00	2601.00
8717.00	4342.00	2608.00
8717.00	4313.00	2605.00
8717.00	4308.00	2600.00
8717.00	4329.00	2597.00
8717.00	4348.00	2573.00
8717.00	4352.00	2572.00
8717.00	4355.00	2571.00
8717.00	4357.00	2567.00
8717.00	4359.00	2564.00
8717.00	4366.00	2592.00
8717.00	4371.00	2675.00
8717.00	4385.00	2657.00
8717.00	4433.00	2741.00
8717.00	4609.00	2819.00
8717.00	4684.00	2813.00
8717.00	4697.00	2806.00
8717.00	4880.00	2903.00
8717.00	4935.00	2911.00
8717.00	4941.00	2905.00
8717.00	5120.00	3011.00
8717.00	5130.00	3095.00
8717.00	5077.00	3007.00
8717.00	5082.00	3035.00
8717.00	5092.00	3046.00
8717.00	5066.00	2981.00
8717.00	5022.00	2964.00
8717.00	5062.00	3012.00
8717.00	5068.00	3004.00
8717.00	5037.00	2999.00
10879.00	5010.00	3074.00
10804.00	5003.00	3063.00
11080.00	4994.00	3030.00
10867.00	4815.00	2982.00
10797.00	4725.00	2960.00
10717.00	4691.00	2930.00
10689.00	4697.00	2920.00
10644.00	4738.00	2913.00
10626.00	4744.00	2906.00
10547.00	4691.00	2822.00
10477.00	4601.00	2808.00
10498.00	4595.00	2808.00
10509.00	4595.00	2808.00
10624.00	4595.00	2808.00
11027.00	4540.00	2722.00
11435.00	4510.00	2683.00
11354.00	4468.00	2677.00
11403.00	4449.00	2691.00
11751.00	4476.00	2715.00
12219.00	4536.00	2823.00
12379.00	4679.00	2827.00
12406.00	4685.00	2836.00
12487.00	4686.00	2836.00
12703.00	4659.00	2833.00
13022.00	4620.00	2823.00
13456.00	4654.00	2860.00
13561.00	4689.00	2872.00
13592.00	4686.00	2968.00
13488.00	4677.00	2915.00
13239.00	4671.00	2890.00
13300.00	4718.00	2912.00
13420.00	4776.00	2942.00
13490.00	4801.00	2968.00
13831.00	4923.00	2988.00
13866.00	4956.00	3100.00
13852.00	4949.00	3081.00
13942.00	4972.00	3110.00
14052.00	4995.00	3115.00
14078.00	4993.00	3109.00
14050.00	4959.00	3078.00
14052.00	4955.00	3071.00
14043.00	4931.00	3061.00
14487.00	5003.00	3099.00
14529.00	5049.00	3145.00
15081.00	5112.00	3253.00
15132.00	5078.00	3247.00
15220.00	5075.00	3310.00
15605.00	5143.00	3422.00
15484.00	5030.00	3301.00
15967.00	5011.00	3295.00
16414.00	5024.00	3307.00
17068.00	5024.00	3288.00
17097.00	5013.00	3246.00
17090.00	4980.00	3219.00
17189.00	4975.00	3215.00
17200.00	4888.00	3198.00
17179.00	4890.00	3081.00
17113.00	4894.00	3096.00
16792.00	4896.00	3108.00
16791.00	4894.00	3081.00
16644.00	4886.00	3077.00
16675.00	4868.00	3093.00
16692.00	4848.00	3083.00
16623.00	4836.00	3080.00
16597.00	4813.00	3063.00
16469.00	4771.00	3025.00
16394.00	4742.00	2996.00
16312.00	4741.00	2990.00
16242.00	4709.00	2984.00
16609.00	4693.00	2980.00
17210.00	4677.00	2971.00
17343.00	4666.00	2962.00
17348.00	4668.00	2962.00
17362.00	4676.00	2975.00
17369.00	4695.00	2992.00
17280.00	4690.00	2979.00
17170.00	4684.00	2975.00
17171.00	4665.00	2954.00
17139.00	4659.00	2943.00
17136.00	4639.00	2929.00
17134.00	4639.00	2917.00
17129.00	4639.00	2909.00
17103.00	4639.00	2899.00
17099.00	4639.00	2887.00
16416.00	4639.00	2837.00
16435.00	4757.00	2838.00
16405.00	4757.00	2835.00
16405.00	4749.00	2839.00
16405.00	4744.00	2835.00
16405.00	4733.00	2825.00
16405.00	4717.00	2821.00
16405.00	4659.00	2782.00
16405.00	4659.00	2775.00
16405.00	4659.00	2665.00
16405.00	4659.00	2630.00
16405.00	3959.00	2611.00
16405.00	3959.00	2507.00
16405.00	3959.00	2518.00
16405.00	3959.00	2512.00
16446.00	3959.00	2527.00
16469.00	4036.00	2515.00
16458.00	4066.00	2512.00
16350.00	4042.00	2508.00
15930.00	4015.00	2414.00
15930.00	4000.00	2403.00
15930.00	3990.00	2411.00
15930.00	4012.00	2413.00
15930.00	4019.00	2424.00
15930.00	4015.00	2424.00
15930.00	4004.00	2424.00
15930.00	3970.00	2424.00
15930.00	3971.00	2424.00
15930.00	3969.00	2424.00
15930.00	3953.00	2424.00
14830.00	3947.00	2424.00
15529.00	3940.00	2424.00
15482.00	3926.00	2424.00
15384.00	3900.00	2424.00
15353.00	3872.00	2124.00
15180.00	3719.00	2124.00
14978.00	3728.00	2124.00
14926.00	3727.00	2130.00
14926.00	3690.00	2082.00
14926.00	3596.00	2005.00
14926.00	3586.00	1991.00
14926.00	3563.00	1968.00
14926.00	3545.00	1954.00
14926.00	3553.00	1990.00
14926.00	3566.00	1992.00
14926.00	3639.00	1995.00
15100.00	3636.00	2035.00
15146.00	3633.00	2039.00
15182.00	3641.00	2040.00
15445.00	3650.00	2042.00
15479.00	3657.00	2046.00
17202.00	3661.00	2047.00
17055.00	3665.00	2232.00
17328.00	3803.00	2219.00
17491.00	3836.00	2289.00
17808.00	3895.00	2377.00
18486.00	3946.00	2459.00
18481.00	4099.00	2471.00
18680.00	4230.00	2482.00
18520.00	4187.00	2396.00
18588.00	4278.00	2467.00
18595.00	4444.00	2477.00
18701.00	4619.00	2559.00
18664.00	4604.00	2546.00
18970.00	4762.00	2556.00
18985.00	4789.00	2542.00
18769.00	4733.00	2506.00
18842.00	4859.00	2597.00
18819.00	4887.00	2657.00
18102.00	4874.00	2648.00
18816.00	4932.00	2683.00
19547.00	5121.00	2788.00
20302.00	5324.00	2899.00
20404.00	5441.00	2980.00
20007.00	5250.00	2907.00
19948.00	5202.00	2915.00
20005.00	5407.00	3029.00
19718.00	5311.00	3012.00
19677.00	5409.00	3084.00
19850.00	5527.00	3166.00
20000.00	5513.00	3173.00
20022.00	5435.00	3060.00
19990.00	5273.00	2976.00
19974.00	5398.00	3016.00
19997.00	5589.00	3126.00
19992.00	5782.00	3156.00
20324.00	5957.00	3190.00
20324.00	6104.00	3190.00
20324.00	6104.00	3190.00
22315.00	6104.00	3746.00
22286.00	6104.00	3706.00
22615.00	6104.00	3752.00
22831.00	6104.00	3852.00
22769.00	6104.00	3774.00
22743.00	6104.00	3707.00
22695.00	6104.00	3698.00
22606.00	6104.00	3593.00
22524.00	6104.00	3579.00
21624.00	6104.00	3438.00
21487.00	6377.00	3507.00
21590.00	6631.00	3616.00
21528.00	6598.00	3582.00
21482.00	6470.00	3536.00
21226.00	6468.00	3487.00
21252.00	6519.00	3541.00
21398.00	6522.00	3617.00
21293.00	6493.00	3504.00
21182.00	6411.00	3493.00
21101.00	6217.00	3413.00
21082.00	6255.00	3399.00
21038.00	6262.00	3414.00
21114.00	6472.00	3482.00
21272.00	6534.00	3584.00
21692.00	6493.00	3689.00
22022.00	6631.00	3739.00
22172.00	6873.00	3831.00
21993.00	6872.00	3804.00
21969.00	6943.00	3853.00
22143.00	7076.00	3979.00
23010.00	7287.00	4136.00
22943.00	7262.00	4150.00
22215.00	7267.00	4276.00
22281.00	7286.00	4242.00
22289.00	7154.00	4170.00
22707.00	7131.00	4212.00
22902.00	7186.00	4334.00
22944.00	7467.00	4499.00
23001.00	7512.00	4674.00
23921.00	7698.00	4800.00
24874.00	7562.00	4752.00
25868.00	7772.00	4931.00
26902.00	8081.00	5112.00
27132.00	8047.00	4978.00
27720.00	8240.00	5106.00
27021.00	8093.00	4938.00
26120.00	7825.00	4803.00
26785.00	8051.00	4938.00
26907.00	8041.00	4953.00
26783.00	7860.00	4861.00
26642.00	7662.00	4727.00
26503.00	7723.00	4726.00
26590.00	7813.00	4802.00
26993.00	7736.00	4845.00
27164.00	7813.00	4870.00
27355.00	7854.00	5031.00
27442.00	7853.00	5126.00
27600.00	7701.00	5047.00
27591.00	7393.00	4849.00
27592.00	7197.00	4743.00
27348.00	7015.00	4652.00
26532.00	6748.00	4470.00
26870.00	7016.00	4642.00
27307.00	7090.00	4680.00
26506.00	6850.00	4498.00
26522.00	6866.00	4510.00
26449.00	6869.00	4487.00
26617.00	7135.00	4500.00
26662.00	7134.00	4500.00
26640.00	7006.00	4500.00
26639.00	7005.00	4494.00
26928.00	7124.00	4653.00
26963.00	7060.00	4724.00
26982.00	7052.00	4887.00
26988.00	7089.00	4896.00
26949.00	7057.00	4849.00
26888.00	7050.00	4822.00
26900.00	6947.00	4870.00
26986.00	6930.00	4851.00
26992.00	6930.00	4776.00
27192.00	6572.00	4730.00
27197.00	6314.00	4648.00
26472.00	6240.00	4533.00
25588.00	6203.00	4426.00
25044.00	6284.00	4500.00
24893.00	6356.00	4510.00
25493.00	6116.00	4346.00
26435.00	6115.00	4392.00
26173.00	6056.00	4355.00
25964.00	6006.00	4216.00
26031.00	5954.00	4158.00
25588.00	5778.00	4198.00
25605.00	5896.00	4353.00
25403.00	5776.00	4319.00
25385.00	5805.00	4299.00
25554.00	5920.00	4444.00
25431.00	5895.00	4267.00
25321.00	5718.00	4220.00
25969.00	5826.00	4299.00
26992.00	5868.00	4470.00
27040.00	6029.00	4634.00
26990.00	6204.00	4576.00
26641.00	6197.00	4535.00
26685.00	6197.00	4536.00
26602.00	6174.00	4494.00
26515.00	6119.00	4432.00
26434.00	6041.00	4398.00
26002.00	5900.00	4351.00
26058.00	5905.00	4347.00
26019.00	5846.00	4298.00
26027.00	5624.00	4222.00
26039.00	5663.00	4254.00
26038.00	5615.00	4261.00
26020.00	5552.00	4235.00
25956.00	5336.00	4135.00
25948.00	5398.00	4153.00
26609.00	5547.00	4312.00
27633.00	5551.00	4481.00
27380.00	5547.00	4441.00
26969.00	5604.00	4411.00
26875.00	5580.00	4409.00
27044.00	5684.00	4514.00
27111.00	5680.00	4496.00
27174.00	5672.00	4507.00
28023.00	5813.00	4682.00
28878.00	6004.00	4774.00
28752.00	5987.00	4687.00
28636.00	5913.00	4603.00
28309.00	5860.00	4502.00
28265.00	5966.00	4632.00
28265.00	5948.00	4636.00
28265.00	5883.00	4553.00
28164.00	5804.00	4446.00
27698.00	5735.00	4365.00
27694.00	5674.00	4251.00
27027.00	5627.00	4234.00
27004.00	5607.00	4243.00
26856.00	5593.00	4251.00
26726.00	5580.00	4255.00
26731.00	5667.00	4290.00
26709.00	5633.00	4322.00
26601.00	5607.00	4267.00
26506.00	5752.00	4279.00
26622.00	5981.00	4400.00
26667.00	5896.00	4434.00
26710.00	5794.00	4454.00
26819.00	5794.00	4456.00
26728.00	5794.00	4436.00
27797.00	4774.00	4425.00
27988.00	2872.00	4432.00
28557.00	2872.00	4522.00
29028.00	2872.00	4698.00
30133.00	2872.00	4728.00
31285.00	3175.00	4853.00
31353.00	3237.00	5044.00
31705.00	3365.00	5043.00
31604.00	3307.00	4980.00
31363.00	3177.00	4795.00
31205.00	3064.00	4785.00
31062.00	2953.00	4899.00
31091.00	2985.00	4979.00
32215.00	3011.00	5102.00
32215.00	3108.00	5297.00
32215.00	3196.00	5337.00
32215.00	3133.00	5159.00
27215.00	3170.00	5113.00
27215.00	3263.00	5283.00
29618.00	3222.00	5209.00
30644.00	3112.00	5160.00
30661.00	3072.00	5103.00
31207.00	3125.00	5155.00
31053.00	3092.00	5074.00
31008.00	3041.00	4990.00
30739.00	3025.00	4989.00
30873.00	3011.00	4999.00
30893.00	2996.00	4999.00
31458.00	3007.00	4999.00
31417.00	3002.00	4999.00
32642.00	3004.00	4349.00
32642.00	3016.00	4349.00
32642.00	3129.00	4349.00
32642.00	3172.00	3233.00
35987.00	3116.00	3590.00
37240.00	3196.00	3712.00
38440.00	3210.00	3860.00
37616.00	3333.00	3937.00
37224.00	3451.00	3842.00
37142.00	3465.00	3807.00
37254.00	3477.00	3880.00
38633.00	3506.00	3855.00
38587.00	3646.00	3866.00
38522.00	3758.00	3822.00
37690.00	3725.00	3755.00
37538.00	3735.00	3732.00
37546.00	3872.00	3707.00
37507.00	3852.00	3686.00
37495.00	3863.00	3690.00
37356.00	3726.00	3676.00
37325.00	3796.00	3659.00
37229.00	3735.00	3648.00
37105.00	3668.00	3625.00
37089.00	3598.00	3593.00
37007.00	3546.00	3549.00
36529.00	3407.00	3408.00
36553.00	3408.00	3482.00
36649.00	3467.00	3570.00
36646.00	3573.00	3595.00
36472.00	3434.00	3567.00
36382.00	3299.00	3487.00
36355.00	3323.00	3460.00
36357.00	3333.00	3472.00
36858.00	3451.00	3510.00
36891.00	3522.00	3650.00
36918.00	3648.00	3644.00
36929.00	3659.00	3667.00
36938.00	3612.00	3650.00
36948.00	3627.00	3654.00
36977.00	3714.00	3686.00
38110.00	3857.00	3704.00
38717.00	3746.00	3681.00
39174.00	3839.00	3696.00
39167.00	3838.00	3696.00
39167.00	3842.00	3695.00
39291.00	3908.00	3705.00
39313.00	3922.00	3710.00
39591.00	3925.00	3834.00
40804.00	3984.00	3936.00
42315.00	3906.00	3936.00
42932.00	3844.00	3928.00
44381.00	3798.00	3953.00
43543.00	3772.00	3946.00
43246.00	3796.00	3921.00
43254.00	3867.00	3913.00
43666.00	3906.00	4069.00
44894.00	4019.00	4224.00
45053.00	3915.00	4317.00
45454.00	3916.00	4481.00
46303.00	4069.00	4655.00
46488.00	4048.00	4556.00
46676.00	4138.00	4697.00
46755.00	4116.00	4592.00
47192.00	4078.00	4580.00
47223.00	3999.00	4639.00
46965.00	3944.00	4485.00
46880.00	3907.00	4490.00
46604.00	3872.00	4482.00
46560.00	3836.00	4483.00
45566.00	3833.00	4461.00
45146.00	3857.00	4407.00
44970.00	3843.00	4389.00
44869.00	3841.00	4390.00
44847.00	3851.00	4388.00
44602.00	3828.00	4369.00
44527.00	3811.00	4267.00
44193.00	3790.00	4216.00
44031.00	3776.00	4232.00
43770.00	3813.00	4293.00
43566.00	3739.00	4293.00
43399.00	3727.00	4350.00
43402.00	3718.00	4474.00
44744.00	3727.00	4468.00
45072.00	3728.00	4472.00
44682.00	3866.00	4421.00
44078.00	3951.00	4331.00
42635.00	3873.00	4287.00
41432.00	3830.00	4270.00
40470.00	3799.00	4318.00
41545.00	3948.00	4488.00
41288.00	4093.00	4497.00
40662.00	4241.00	4491.00
40402.00	4245.00	4426.00
39897.00	4254.00	4369.00
41222.00	4224.00	4359.00
42714.00	4181.00	4437.00
42915.00	4292.00	4600.00
42314.00	4302.00	4590.00
41750.00	4257.00	4472.00
42147.00	4412.00	4612.00
43240.00	4577.00	4796.00
43240.00	4583.00	4722.00
43240.00	4632.00	4602.00
43240.00	4523.00	4469.00
43240.00	4530.00	4420.00
11847.00	4698.00	4577.00
11847.00	4821.00	4719.00
11847.00	4803.00	4905.00
11847.00	4759.00	4797.00
12571.00	4713.00	4810.00
12098.00	4743.00	4814.00
12038.00	4775.00	4940.00
12075.00	4741.00	5050.00
12048.00	4692.00	5094.00
12027.00	4655.00	5022.00
11996.00	4597.00	4992.00
11970.00	4471.00	5024.00
11692.00	4295.00	4838.00
11675.00	4305.00	4919.00
11600.00	4290.00	4896.00
11320.00	4205.00	4779.00
11281.00	4099.00	4767.00
10974.00	3967.00	4693.00
10593.00	3925.00	4680.00
10559.00	3879.00	4574.00
10316.00	3915.00	4577.00
10169.00	3915.00	4498.00
9933.00	3904.00	4394.00
9919.00	3914.00	4406.00
9907.00	4017.00	4454.00
9906.00	4058.00	4503.00
9769.00	4018.00	4481.00
9727.00	3990.00	4463.00
9460.00	3935.00	4429.00
9414.00	3909.00	4387.00
9292.00	3826.00	4212.00
8994.00	3837.00	4369.00
8860.00	3832.00	4369.00
8716.00	3809.00	4331.00
8725.00	3787.00	4322.00
8849.00	3850.00	4337.00
8955.00	3874.00	4359.00
8960.00	3842.00	4322.00
8984.00	3825.00	4315.00
9017.00	3796.00	4314.00
9013.00	3764.00	4287.00
8993.00	3730.00	4238.00
8950.00	3685.00	4196.00
8932.00	3625.00	4154.00
8919.00	3588.00	4136.00
8887.00	3542.00	4103.00
8744.00	3489.00	4062.00
8747.00	3464.00	4043.00
8778.00	3493.00	4041.00
8780.00	3488.00	4032.00
8774.00	3463.00	4013.00
8763.00	3441.00	3995.00
8754.00	3390.00	3981.00
8785.00	3375.00	3968.00
8887.00	3353.00	4081.00
9241.00	3265.00	4153.00
9488.00	3270.00	4314.00
9398.00	3240.00	4339.00
9393.00	3187.00	4323.00
9386.00	3188.00	4320.00
9377.00	3184.00	4306.00
9360.00	3183.00	4296.00
9353.00	3190.00	4292.00
9342.00	3231.00	4281.00
9329.00	3255.00	4260.00
9299.00	3261.00	4213.00
9272.00	3268.00	4199.00
9234.00	3298.00	4178.00
9207.00	3298.00	4178.00
9182.00	3281.00	4148.00
9131.00	3241.00	4146.00
8985.00	3197.00	4033.00
8956.00	3156.00	3991.00
8949.00	3167.00	4003.00
8940.00	3159.00	3991.00
8941.00	3161.00	4019.00
9199.00	3212.00	4164.00
9566.00	3268.00	4316.00
9619.00	3292.00	4318.00
10000.00	3328.00	4480.00
9971.00	3324.00	4446.00
9921.00	3278.00	4402.00
9875.00	3247.00	4385.00
9800.00	3242.00	4376.00
9779.00	3230.00	4361.00
9763.00	3236.00	4355.00
9737.00	3238.00	4357.00
9715.00	3193.00	4372.00
9708.00	3172.00	4366.00
9682.00	3175.00	4355.00
9671.00	3055.00	4341.00
9682.00	3094.00	4323.00
9615.00	3168.00	4299.00
9615.00	3148.00	4277.00
9615.00	3154.00	4249.00
9615.00	3151.00	4225.00
8135.00	3156.00	4260.00
8139.00	3159.00	4289.00
8139.00	3161.00	4281.00
8169.00	3150.00	4271.00
8166.00	3146.00	4238.00
8150.00	3138.00	4223.00
8133.00	3134.00	4199.00
8103.00	3116.00	4181.00
8086.00	3110.00	4166.00
8074.00	3104.00	4157.00
8052.00	3086.00	4144.00
8036.00	3059.00	4131.00
8017.00	3042.00	4117.00
8003.00	3027.00	4107.00
7980.00	3000.00	4060.00
7954.00	2992.00	4023.00
7901.00	2960.00	3997.00
7864.00	2949.00	3981.00
7828.00	2930.00	3947.00
7814.00	2875.00	3929.00
7807.00	2867.00	3947.00
7803.00	2862.00	4010.00
7770.00	2810.00	4017.00
7751.00	2825.00	4055.00
7732.00	2813.00	4028.00
7706.00	2795.00	4013.00
7689.00	2790.00	3997.00
7672.00	2774.00	3962.00
7608.00	2735.00	3943.00
7578.00	2728.00	3937.00
7665.00	2752.00	4015.00
7659.00	2754.00	4005.00
7665.00	2754.00	3985.00
7671.00	2774.00	3994.00
7668.00	2777.00	3993.00
7665.00	2777.00	4009.00
7735.00	2777.00	4027.00
7730.00	2777.00	4039.00
7719.00	2460.00	3970.00
7704.00	2513.00	3970.00
7691.00	2587.00	3970.00
7672.00	2593.00	3310.00
7615.00	2582.00	3310.00
7568.00	2575.00	3356.00
7540.00	2673.00	3366.00
7521.00	2685.00	3366.00
7491.00	2692.00	3362.00
7472.00	2664.00	3362.00
7439.00	2652.00	3362.00
7419.00	2646.00	3362.00
7386.00	2637.00	3362.00
7351.00	2630.00	2670.00
7333.00	2609.00	2670.00
7304.00	2597.00	2736.00
7274.00	2587.00	2737.00
7259.00	2603.00	2730.00
7232.00	2600.00	2718.00
7197.00	2590.00	2690.00
7180.00	2574.00	2671.00
7177.00	2569.00	2659.00
7161.00	2562.00	2655.00
7149.00	2557.00	2646.00
7113.00	2550.00	2616.00
7085.00	2527.00	2560.00
7069.00	2519.00	2547.00
7006.00	2511.00	2537.00
6925.00	2506.00	2529.00
6918.00	2492.00	2525.00
6896.00	2482.00	2515.00
6892.00	2467.00	2510.00
6884.00	2456.00	2502.00
6878.00	2434.00	2496.00
6861.00	2417.00	2498.00
6846.00	2401.00	2524.00
6843.00	2410.00	2562.00
6835.00	2422.00	2599.00
6832.00	2474.00	2595.00
6825.00	2465.00	2585.00
6817.00	2459.00	2562.00
6809.00	2450.00	2558.00
6805.00	2444.00	2555.00
6797.00	2438.00	2551.00
6779.00	2431.00	2549.00
6767.00	2430.00	2545.00
7020.00	2439.00	2543.00
7010.00	2434.00	2539.00
7002.00	2431.00	2536.00
6991.00	2425.00	2531.00
6988.00	2420.00	2521.00
6964.00	2414.00	2513.00
6955.00	2403.00	2527.00
6898.00	2392.00	2542.00
6885.00	2385.00	2548.00
6881.00	2380.00	2551.00
6867.00	2368.00	2553.00
6861.00	2305.00	2553.00
6801.00	2300.00	2553.00
6792.00	2298.00	2553.00
6773.00	2295.00	2554.00
6764.00	2287.00	2557.00
6758.00	2283.00	2569.00
6748.00	2283.00	2573.00
6797.00	2372.00	2669.00
6793.00	2460.00	2674.00
6766.00	2556.00	2664.00
6744.00	2653.00	2655.00
6719.00	2672.00	2654.00
6688.00	2759.00	2650.00
6673.00	2792.00	2645.00
6666.00	2856.00	2630.00
6662.00	2950.00	2627.00
6631.00	2969.00	2618.00
6614.00	2989.00	2612.00
6615.00	2952.00	2605.00
6631.00	2916.00	2600.00
6646.00	2901.00	2592.00
6655.00	2885.00	2589.00
6667.00	2856.00	2585.00
6653.00	2819.00	2574.00
6648.00	2798.00	2564.00
6643.00	2770.00	2553.00
6637.00	2760.00	2535.00
6625.00	2746.00	2505.00
6614.00	2741.00	2489.00
6609.00	2778.00	2490.00
6604.00	2808.00	2488.00
6593.00	2711.00	2467.00
6584.00	2639.00	2418.00
6542.00	2639.00	2335.00
6515.00	2639.00	2254.00
6468.00	2639.00	2324.00
6441.00	2321.00	2317.00
6416.00	2321.00	2306.00
6358.00	2321.00	2343.00
6315.00	2321.00	2334.00
6312.00	2321.00	2327.00
6304.00	2321.00	2295.00
6281.00	2321.00	2289.00
6260.00	2321.00	2244.00
6240.00	2321.00	2201.00
6221.00	2244.00	2195.00
6212.00	2242.00	2192.00
6195.00	2154.00	2188.00
6172.00	2161.00	2189.00
6163.00	2158.00	2187.00
6149.00	2154.00	2181.00
6121.00	2148.00	2182.00
6091.00	2135.00	2191.00
6067.00	2123.00	2191.00
6064.00	2117.00	2190.00
6061.00	2112.00	2189.00
6060.00	2105.00	2188.00
6059.00	2101.00	2188.00
6059.00	2020.00	2186.00
5994.00	1979.00	2184.00
5971.00	1951.00	2149.00
5948.00	1925.00	2138.00
5934.00	1932.00	2138.00
5928.00	1901.00	2135.00
5928.00	1893.00	2133.00
5927.00	1862.00	2125.00
5923.00	1852.00	2117.00
5849.00	1851.00	2109.00
5849.00	1850.00	2104.00
5849.00	1848.00	2100.00
5849.00	1847.00	2094.00
5849.00	1845.00	2089.00
5849.00	1843.00	2084.00
5849.00	1814.00	2063.00
5849.00	1748.00	2017.00
5247.00	1739.00	2019.00
5223.00	1726.00	2033.00
5212.00	1711.00	2031.00
5210.00	1758.00	2031.00
5208.00	1784.00	2030.00
5159.00	1788.00	2025.00
5148.00	1777.00	2021.00
5147.00	1754.00	2014.00
5121.00	1757.00	2003.00
5120.00	1759.00	2002.00
5105.00	1783.00	1996.00
5104.00	1767.00	2004.00
5039.00	1738.00	2002.00
5035.00	1735.00	2008.00
5035.00	1735.00	1996.00
5035.00	1735.00	1947.00
5035.00	1735.00	1965.00
5035.00	1735.00	1921.00
5035.00	1735.00	1859.00
5035.00	1735.00	1853.00
5035.00	1735.00	1857.00
5035.00	1727.00	1868.00
5035.00	1709.00	1911.00
5035.00	1697.00	1923.00
5035.00	1696.00	1901.00
5035.00	1696.00	1905.00
5035.00	1699.00	1911.00
5035.00	1698.00	1910.00
4450.00	1701.00	1896.00
4272.00	1733.00	1901.00
4242.00	1801.00	1901.00
4216.00	1802.00	1902.00
4209.00	1873.00	1920.00
4210.00	1944.00	1920.00
4246.00	1985.00	1945.00
4298.00	2059.00	2018.00
4468.00	2049.00	2045.00
4642.00	2075.00	2069.00
4827.00	2158.00	2151.00
5020.00	2244.00	2237.00
5193.00	2301.00	2239.00
5146.00	2210.00	2202.00
5205.00	2226.00	2187.00
5187.00	2197.00	2142.00
5154.00	2150.00	2068.00
5125.00	2112.00	2047.00
5087.00	2079.00	2045.00
5039.00	2087.00	2056.00
4861.00	2086.00	2107.00
4858.00	2144.00	2115.00
4854.00	2187.00	2099.00
4851.00	2174.00	2091.00
4848.00	2146.00	2082.00
4835.00	2123.00	2066.00
4829.00	2109.00	2057.00
4779.00	2091.00	2027.00
4737.00	2084.00	2011.00
4683.00	2071.00	2010.00
4663.00	2056.00	2001.00
4640.00	2042.00	1995.00
4620.00	2036.00	1977.00
4612.00	2011.00	1962.00
4584.00	2000.00	1936.00
4567.00	1962.00	1924.00
4565.00	1943.00	1920.00
4545.00	1933.00	1930.00
4532.00	1927.00	1931.00
4522.00	1917.00	1961.00
4521.00	1906.00	1965.00
4520.00	1899.00	1966.00
4516.00	1903.00	1977.00
4513.00	1898.00	1981.00
4507.00	1884.00	1998.00
4505.00	1889.00	2002.00
4503.00	1894.00	2004.00
4502.00	1895.00	2005.00
4503.00	1887.00	1991.00
4503.00	1885.00	1989.00
4503.00	1882.00	2000.00
4516.00	1892.00	2011.00
4594.00	1892.00	2006.00
4603.00	1887.00	1992.00
4466.00	1890.00	1982.00
4466.00	1881.00	1926.00
4466.00	1880.00	1906.00
3316.00	1879.00	1901.00
3316.00	1873.00	1895.00
3316.00	1863.00	1884.00
3316.00	1852.00	1875.00
3316.00	1856.00	1888.00
3331.00	1852.00	1892.00
3337.00	1849.00	1896.00
3342.00	1849.00	1900.00
3359.00	1849.00	1903.00
3361.00	1849.00	1910.00
3368.00	1849.00	1908.00
3379.00	1849.00	1902.00
3380.00	1849.00	1900.00
3387.00	1757.00	1908.00
3394.00	1688.00	1918.00
3403.00	1759.00	1928.00
3414.00	1752.00	1916.00
3415.00	1771.00	1902.00
3412.00	1802.00	1893.00
3411.00	1800.00	1884.00
3412.00	1806.00	1899.00
3415.00	1867.00	1897.00
3420.00	1837.00	1886.00
3420.00	1837.00	1845.00
3420.00	1837.00	1845.00
3420.00	1837.00	1845.00
3437.00	1837.00	1845.00
3436.00	1837.00	1845.00
3434.00	1837.00	1395.00
3429.00	1837.00	1395.00
3429.00	1837.00	1395.00
3429.00	1837.00	1395.00
3429.00	1706.00	1395.00
3429.00	1554.00	1395.00
3429.00	1544.00	1395.00
3429.00	1475.00	1395.00
3429.00	1507.00	1395.00
3429.00	1492.00	1395.00
3429.00	1509.00	1395.00
3429.00	1518.00	1395.00
3429.00	1501.00	1395.00
3429.00	1476.00	1395.00
3429.00	1457.00	1395.00
3429.00	1446.00	1395.00
3429.00	1432.00	1395.00
3429.00	1414.00	1395.00
3429.00	1387.00	1395.00
3429.00	1333.00	1395.00
3429.00	1323.00	1395.00
3429.00	1293.00	1395.00
3429.00	1306.00	1395.00
3429.00	1344.00	1395.00
3429.00	1358.00	1395.00
3429.00	1347.00	1395.00
3429.00	1346.00	1395.00
3429.00	1356.00	1395.00
3429.00	1363.00	1395.00
3429.00	1382.00	1395.00
3429.00	1373.00	1395.00
3429.00	1354.00	1395.00
2680.00	1346.00	1187.00
2680.00	1343.00	1187.00
2675.00	1396.00	1174.00
2663.00	1394.00	1177.00
2661.00	1378.00	1171.00
2657.00	1378.00	1155.00
2654.00	1378.00	1146.00
2653.00	1378.00	1109.00
2652.00	1298.00	1098.00
2649.00	1298.00	1089.00
2645.00	1219.00	1083.00
2645.00	1210.00	1081.00
2569.00	1233.00	1076.00
2519.00	1222.00	1073.00
2474.00	1231.00	1077.00
2422.00	1237.00	1081.00
2382.00	1241.00	1086.00
2394.00	1252.00	1111.00
2400.00	1255.00	1121.00
2404.00	1266.00	1135.00
2411.00	1275.00	1162.00
2421.00	1335.00	1162.00
2430.00	1327.00	1162.00
2461.00	1331.00	1162.00
2488.00	1337.00	1162.00
2519.00	1343.00	1162.00
2556.00	1353.00	1162.00
2563.00	1356.00	1041.00
2596.00	1355.00	1041.00
2652.00	1355.00	1041.00
2685.00	1355.00	1041.00
2759.00	1355.00	1041.00
2864.00	1355.00	1041.00
2831.00	1355.00	1041.00
2795.00	1355.00	1069.00
2788.00	1355.00	1066.00
2745.00	1355.00	1069.00
2747.00	1260.00	1068.00
2755.00	1260.00	1068.00
2793.00	1258.00	1069.00
2846.00	1270.00	1074.00
2846.00	1284.00	1088.00
2846.00	1288.00	1087.00
2846.00	1294.00	1088.00
2846.00	1310.00	1095.00
2846.00	1307.00	1094.00
2846.00	1291.00	1092.00
2846.00	1285.00	1102.00
2846.00	1284.00	1100.00
2846.00	1291.00	1098.00
2846.00	1289.00	1110.00
2828.00	1287.00	1116.00
2793.00	1294.00	1114.00
2750.00	1293.00	1123.00
2696.00	1290.00	1128.00
2647.00	1287.00	1135.00
2650.00	1282.00	1137.00
2649.00	1273.00	1138.00
2647.00	1267.00	1132.00
2643.00	1265.00	1129.00
2632.00	1262.00	1119.00
2627.00	1260.00	1112.00
2626.00	1241.00	1115.00
2626.00	1237.00	1103.00
2624.00	1226.00	1096.00
2621.00	1223.00	1092.00
2602.00	1219.00	1089.00
2586.00	1211.00	1091.00
2570.00	1168.00	1088.00
2573.00	1149.00	1095.00
2541.00	1159.00	1092.00
2537.00	1177.00	1109.00
2542.00	1197.00	1104.00
2603.00	1214.00	1093.00
2573.00	1214.00	1084.00
2555.00	1213.00	1079.00
2501.00	1211.00	1076.00
2492.00	1208.00	1069.00
2451.00	1203.00	1079.00
2423.00	1198.00	1043.00
2308.00	1195.00	1039.00
2311.00	1193.00	1041.00
2309.00	1188.00	1033.00
2308.00	1172.00	1017.00
2304.00	1169.00	1015.00
2303.00	1161.00	1004.00
2298.00	1139.00	1001.00
2300.00	1192.00	1016.00
2299.00	1207.00	1016.00
2293.00	1207.00	1025.00
2270.00	1247.00	1031.00
2379.00	1236.00	1038.00
2379.00	1265.00	1067.00
2379.00	1315.00	1119.00
2379.00	1380.00	1174.00
2497.00	1434.00	1207.00
2621.00	1399.00	1155.00
2729.00	1403.00	1149.00
2816.00	1401.00	1134.00
2954.00	1466.00	1180.00
3101.00	1536.00	1239.00
3224.00	1546.00	1297.00
3242.00	1593.00	1306.00
3195.00	1580.00	1290.00
3201.00	1577.00	1321.00
3202.00	1636.00	1377.00
3047.00	1591.00	1336.00
2895.00	1542.00	1277.00
2811.00	1567.00	1255.00
2770.00	1599.00	1286.00
2770.00	1541.00	1262.00
2770.00	1563.00	1318.00
2770.00	1593.00	1358.00
2770.00	1630.00	1353.00
2770.00	1625.00	1355.00
1954.00	1637.00	1335.00
1954.00	1672.00	1308.00
1914.00	1722.00	1306.00
1903.00	1680.00	1284.00
1889.00	1690.00	1286.00
1878.00	1700.00	1264.00
1867.00	1708.00	1247.00
1885.00	1793.00	1267.00
1954.00	1838.00	1262.00
2050.00	1791.00	1261.00
2152.00	1782.00	1318.00
2259.00	1767.00	1374.00
2371.00	1852.00	1442.00
2484.00	1900.00	1512.00
2391.00	1823.00	1452.00
2440.00	1743.00	1404.00
2475.00	1826.00	1474.00
2542.00	1816.00	1505.00
2630.00	1808.00	1501.00
2606.00	1799.00	1442.00
2727.00	1771.00	1480.00
2692.00	1795.00	1435.00
2623.00	1840.00	1379.00
2578.00	1841.00	1413.00
2553.00	1839.00	1412.00
2564.00	1783.00	1401.00
2567.00	1720.00	1409.00
2597.00	1739.00	1421.00
2600.00	1769.00	1401.00
2632.00	1784.00	1416.00
2606.00	1817.00	1413.00
2638.00	1736.00	1365.00
2688.00	1761.00	1352.00
2819.00	1788.00	1416.00
2958.00	1787.00	1476.00
3070.00	1800.00	1465.00
3047.00	1811.00	1456.00
2905.00	1810.00	1420.00
2878.00	1799.00	1442.00
2805.00	1799.00	1411.00
2692.00	1793.00	1403.00
2784.00	1773.00	1408.00
2776.00	1762.00	1381.00
2848.00	1736.00	1385.00
2803.00	1739.00	1377.00
2748.00	1727.00	1359.00
2696.00	1708.00	1360.00
2666.00	1731.00	1351.00
2736.00	1709.00	1336.00
2720.00	1695.00	1340.00
2625.00	1721.00	1331.00
2693.00	1713.00	1329.00
2724.00	1728.00	1303.00
2697.00	1705.00	1302.00
2689.00	1691.00	1291.00
2665.00	1718.00	1315.00
2639.00	1710.00	1301.00
2633.00	1701.00	1293.00
2638.00	1656.00	1280.00
2647.00	1640.00	1300.00
2659.00	1606.00	1282.00
2656.00	1618.00	1272.00
2650.00	1597.00	1270.00
2679.00	1580.00	1252.00
2668.00	1573.00	1251.00
2662.00	1567.00	1264.00
2651.00	1576.00	1241.00
2625.00	1574.00	1230.00
2601.00	1598.00	1235.00
2586.00	1581.00	1184.00
2539.00	1603.00	1191.00
2525.00	1637.00	1200.00
2515.00	1622.00	1200.00
2471.00	1639.00	1174.00
2451.00	1632.00	1154.00
2435.00	1652.00	1163.00
2433.00	1630.00	1139.00
2395.00	1646.00	1152.00
2397.00	1646.00	1199.00
2370.00	1651.00	1201.00
2334.00	1635.00	1212.00
2336.00	1611.00	1250.00
2335.00	1604.00	1242.00
2335.00	1603.00	1246.00
2335.00	1598.00	1243.00
2335.00	1622.00	1247.00
2335.00	1597.00	1231.00
2335.00	1597.00	1210.00
2335.00	1597.00	1229.00
2467.00	1597.00	1225.00
2351.00	1397.00	1225.00
2393.00	1397.00	1223.00
2387.00	1397.00	1236.00
2384.00	1397.00	1262.00
2400.00	1397.00	1262.00
2400.00	1344.00	1262.00
2400.00	1344.00	1262.00
2400.00	1443.00	1264.00
2150.00	1515.00	1316.00
2150.00	1588.00	1325.00
2770.00	1577.00	1303.00
2520.00	1637.00	1320.00
2262.00	1668.00	1321.00
2408.00	1659.00	1307.00
2525.00	1666.00	1314.00
2651.00	1735.00	1319.00
2781.00	1773.00	1360.00
2816.00	1779.00	1360.00
2777.00	1713.00	1327.00
2886.00	1737.00	1341.00
2871.00	1755.00	1319.00
2816.00	1752.00	1314.00
2796.00	1730.00	1309.00
2706.00	1672.00	1299.00
2718.00	1700.00	1308.00
2719.00	1676.00	1302.00
2718.00	1665.00	1295.00
2702.00	1698.00	1294.00
2680.00	1689.00	1277.00
2657.00	1671.00	1270.00
2656.00	1687.00	1280.00
2637.00	1679.00	1249.00
2509.00	1684.00	1214.00
2526.00	1683.00	1225.00
2581.00	1691.00	1241.00
2598.00	1703.00	1231.00
2599.00	1679.00	1209.00
2597.00	1672.00	1187.00
2628.00	1674.00	1191.00
2632.00	1673.00	1191.00
2633.00	1671.00	1192.00
2637.00	1636.00	1204.00
2630.00	1658.00	1198.00
2627.00	1644.00	1194.00
2622.00	1644.00	1188.00
2609.00	1637.00	1180.00
2603.00	1636.00	1181.00
2596.00	1639.00	1183.00
2596.00	1667.00	1196.00
2596.00	1656.00	1195.00
2587.00	1651.00	1191.00
2582.00	1669.00	1222.00
2588.00	1670.00	1242.00
2593.00	1698.00	1240.00
2592.00	1686.00	1212.00
2582.00	1674.00	1194.00
2552.00	1671.00	1197.00
2534.00	1668.00	1191.00
2532.00	1682.00	1193.00
2636.00	1724.00	1220.00
2721.00	1736.00	1219.00
2721.00	1736.00	1219.00
2798.00	1745.00	1231.00
2781.00	1743.00	1218.00
2793.00	1751.00	1221.00
2788.00	1755.00	1211.00
2789.00	1755.00	1223.00
2789.00	1755.00	1242.00
2789.00	1755.00	1233.00
2789.00	1755.00	1221.00
2789.00	1755.00	1254.00
2789.00	1755.00	1306.00
2789.00	1842.00	1359.00
2789.00	1830.00	1310.00
2789.00	1805.00	1299.00
2745.00	1775.00	1295.00
2828.00	1815.00	1294.00
2845.00	1861.00	1282.00
2826.00	1845.00	1282.00
2891.00	1916.00	1319.00
3029.00	1940.00	1355.00
3032.00	1928.00	1305.00
3183.00	2024.00	1369.00
3184.00	2093.00	1356.00
3192.00	2074.00	1343.00
3094.00	1997.00	1321.00
3051.00	2003.00	1302.00
3077.00	2028.00	1304.00
3091.00	2039.00	1309.00
3118.00	2051.00	1314.00
3073.00	2029.00	1313.00
3078.00	2105.00	1330.00
3048.00	2097.00	1318.00
3053.00	2101.00	1337.00
3046.00	2030.00	1323.00
3097.00	2024.00	1347.00
3134.00	2037.00	1387.00
3285.00	2120.00	1439.00
3441.00	2159.00	1448.00
3389.00	2154.00	1411.00
3375.00	2107.00	1391.00
3411.00	2101.00	1403.00
3396.00	2050.00	1399.00
3395.00	2078.00	1418.00
3395.00	2046.00	1426.00
3377.00	2006.00	1406.00
3344.00	1981.00	1395.00
3344.00	1993.00	1400.00
3343.00	1986.00	1398.00
3331.00	1956.00	1382.00
3353.00	1957.00	1399.00
3338.00	1926.00	1385.00
3325.00	1925.00	1372.00
3306.00	1908.00	1361.00
3279.00	1879.00	1349.00
3311.00	1902.00	1367.00
3307.00	1928.00	1368.00
3371.00	1932.00	1390.00
3459.00	1936.00	1399.00
3486.00	1904.00	1401.00
3486.00	1894.00	1406.00
3486.00	1912.00	1417.00
3486.00	1948.00	1420.00
3486.00	1948.00	1436.00
3486.00	1948.00	1443.00
3486.00	1948.00	1442.00
3486.00	1948.00	1458.00
3520.00	1948.00	1461.00
3579.00	1948.00	1459.00
3684.00	1996.00	1458.00
3645.00	1972.00	1454.00
3643.00	1955.00	1440.00
3632.00	1933.00	1418.00
3619.00	1951.00	1404.00
3610.00	1967.00	1408.00
3653.00	1970.00	1409.00
3646.00	2008.00	1406.00
3503.00	1937.00	1370.00
3511.00	1934.00	1373.00
3503.00	1940.00	1370.00
3501.00	1949.00	1363.00
3523.00	1977.00	1379.00
3559.00	2070.00	1367.00
3554.00	2045.00	1388.00
3500.00	2092.00	1387.00
3502.00	2102.00	1395.00
3498.00	2111.00	1419.00
3474.00	2120.00	1419.00
3445.00	2120.00	1419.00
3341.00	2120.00	1419.00
3341.00	2120.00	1419.00
3412.00	2120.00	1419.00
3454.00	2120.00	1419.00
3448.00	2120.00	1418.00
3443.00	2120.00	1412.00
3414.00	2070.00	1414.00
3378.00	2002.00	1415.00
3369.00	1980.00	1411.00
3362.00	2002.00	1402.00
3408.00	1990.00	1410.00
3384.00	1928.00	1397.00
3372.00	1881.00	1394.00
3338.00	1923.00	1385.00
3312.00	1938.00	1373.00
3298.00	1953.00	1373.00
3283.00	1947.00	1373.00
3278.00	2007.00	1409.00
3276.00	1992.00	1408.00
3277.00	1982.00	1408.00
3280.00	1974.00	1409.00
3269.00	1960.00	1408.00
3253.00	1964.00	1409.00
3252.00	1956.00	1406.00
3304.00	1934.00	1409.00
3308.00	1924.00	1402.00
3302.00	1906.00	1398.00
3276.00	1892.00	1390.00
3286.00	1889.00	1373.00
3288.00	1882.00	1349.00
3289.00	1883.00	1331.00
3258.00	1882.00	1331.00
3256.00	1881.00	1333.00
3331.00	1912.00	1330.00
3362.00	1933.00	1354.00
3347.00	1905.00	1335.00
3292.00	1881.00	1323.00
3269.00	1885.00	1344.00
3243.00	1896.00	1343.00
3168.00	1887.00	1360.00
3247.00	1905.00	1355.00
3293.00	1915.00	1367.00
3248.00	1904.00	1360.00
3232.00	1915.00	1365.00
3208.00	1902.00	1356.00
3250.00	1905.00	1356.00
3290.00	1911.00	1369.00
3289.00	1912.00	1373.00
3330.00	1918.00	1371.00
3329.00	1916.00	1366.00
3321.00	1907.00	1364.00
3312.00	1901.00	1361.00
3308.00	1893.00	1361.00
3291.00	1892.00	1349.00
3287.00	1880.00	1350.00
3285.00	1898.00	1363.00
3239.00	1896.00	1366.00
3260.00	1891.00	1370.00
3294.00	1885.00	1381.00
3281.00	1873.00	1395.00
3266.00	1869.00	1405.00
3255.00	1875.00	1409.00
3265.00	1868.00	1414.00
3260.00	1860.00	1416.00
3258.00	1830.00	1400.00
3252.00	1853.00	1400.00
3249.00	1847.00	1388.00
3245.00	1857.00	1395.00
3239.00	1870.00	1404.00
3234.00	1866.00	1401.00
3225.00	1861.00	1396.00
3216.00	1852.00	1376.00
3156.00	1848.00	1377.00
3137.00	1849.00	1377.00
3157.00	1842.00	1377.00
3153.00	1842.00	1377.00
3134.00	1842.00	1377.00
3174.00	1842.00	1404.00
3174.00	1842.00	1437.00
3174.00	1842.00	1448.00
3174.00	1842.00	1439.00
2774.00	1853.00	1432.00
2774.00	1845.00	1436.00
2774.00	1851.00	1443.00
2774.00	1840.00	1445.00
2933.00	1839.00	1450.00
3069.00	1879.00	1508.00
3115.00	1874.00	1504.00
3159.00	1890.00	1509.00
3208.00	1914.00	1531.00
3219.00	1890.00	1544.00
3346.00	1884.00	1583.00
3437.00	1884.00	1583.00
3578.00	1884.00	1583.00
3578.00	1884.00	1583.00
3578.00	1534.00	1602.00
3578.00	1534.00	1617.00
3578.00	1730.00	1629.00
3851.00	1816.00	1681.00
3793.00	1854.00	1644.00
3805.00	1851.00	1662.00
3828.00	1873.00	1693.00
3794.00	1860.00	1700.00
3752.00	1850.00	1692.00
3758.00	1857.00	1672.00
3752.00	1850.00	1680.00
3783.00	1859.00	1685.00
3934.00	1890.00	1750.00
3973.00	1882.00	1778.00
3979.00	1885.00	1796.00
3961.00	1879.00	1800.00
3938.00	1894.00	1778.00
3929.00	1897.00	1775.00
3930.00	1909.00	1796.00
3932.00	1916.00	1790.00
3976.00	1932.00	1796.00
3988.00	2005.00	1821.00
3992.00	2025.00	1825.00
4069.00	2119.00	1874.00
4052.00	2116.00	1867.00
4042.00	2141.00	1890.00
4063.00	2225.00	1960.00
4066.00	2202.00	1914.00
4101.00	2207.00	1892.00
4074.00	2204.00	1876.00
4086.00	2209.00	1900.00
4105.00	2290.00	1928.00
4107.00	2277.00	1916.00
4023.00	2164.00	1881.00
4004.00	2153.00	1903.00
4013.00	2154.00	1918.00
4012.00	2115.00	1916.00
4005.00	2053.00	1906.00
4005.00	2055.00	1921.00
4034.00	2087.00	1965.00
4178.00	2083.00	2019.00
4182.00	2091.00	2035.00
4090.00	2038.00	1997.00
3980.00	2029.00	1979.00
3911.00	2021.00	1967.00
3852.00	2021.00	1961.00
3852.00	2013.00	1975.00
3852.00	2021.00	1956.00
3930.00	2004.00	1949.00
3932.00	2010.00	1944.00
3947.00	2023.00	1925.00
3901.00	2019.00	1907.00
3924.00	2048.00	1914.00
3938.00	2090.00	1938.00
3938.00	2090.00	1939.00
3943.00	2150.00	1988.00
3969.00	2144.00	2002.00
3965.00	2198.00	2040.00
3950.00	2210.00	2075.00
3960.00	2203.00	2115.00
4093.00	2185.00	2256.00
3955.00	2169.00	2274.00
3979.00	2173.00	2265.00
3950.00	2173.00	2323.00
3951.00	2173.00	2360.00
3945.00	2173.00	2399.00
3923.00	2173.00	2395.00
3901.00	1977.00	2351.00
3911.00	1987.00	2337.00
3940.00	1977.00	2333.00
3926.00	1963.00	2327.00
3914.00	1941.00	2319.00
3915.00	1910.00	2304.00
3919.00	1898.00	2310.00
3910.00	1890.00	2309.00
3914.00	1860.00	2283.00
3912.00	1848.00	2288.00
3868.00	1842.00	2330.00
3872.00	1848.00	2352.00
3909.00	1860.00	2399.00
3910.00	1866.00	2420.00
3935.00	1870.00	2450.00
4085.00	1871.00	2525.00
4228.00	1909.00	2592.00
4267.00	2004.00	2628.00
4324.00	2087.00	2650.00
4439.00	2079.00	2740.00
4342.00	2059.00	2717.00
4397.00	2061.00	2738.00
4357.00	2070.00	2692.00
4361.00	2116.00	2701.00
4384.00	2106.00	2699.00
4404.00	2064.00	2738.00
4401.00	2067.00	2732.00
4405.00	2057.00	2771.00
4457.00	2079.00	2886.00
4652.00	2093.00	2850.00
4771.00	2194.00	2826.00
4757.00	2302.00	2850.00
4714.00	2290.00	2871.00
4713.00	2310.00	2854.00
4724.00	2349.00	2890.00
4810.00	2466.00	2997.00
4856.00	2479.00	3014.00
4848.00	2534.00	3093.00
4776.00	2465.00	3077.00
4716.00	2471.00	3038.00
4694.00	2509.00	3000.00
4573.00	2474.00	2943.00
4632.00	2506.00	2964.00
4691.00	2521.00	2956.00
4717.00	2498.00	2934.00
4664.00	2519.00	2945.00
4688.00	2486.00	2895.00
4703.00	2500.00	2890.00
4697.00	2523.00	2860.00
4669.00	2525.00	2848.00
4668.00	2578.00	2880.00
4683.00	2579.00	2958.00
4739.00	2579.00	3017.00
4744.00	2703.00	3059.00
4779.00	2694.00	3100.00
4766.00	2672.00	3050.00
4735.00	2662.00	2977.00
4769.00	2703.00	2985.00
4782.00	2730.00	2985.00
4783.00	2699.00	2998.00
4722.00	2698.00	2906.00
4738.00	2713.00	2905.00
4657.00	2734.00	2879.00
4647.00	2708.00	2878.00
4611.00	2696.00	2855.00
4588.00	2664.00	2795.00
4639.00	2734.00	2818.00
4637.00	2719.00	2868.00
4698.00	2739.00	2962.00
4698.00	2653.00	2962.00
4689.00	2679.00	2962.00
4638.00	2690.00	2994.00
4671.00	2740.00	2988.00
4651.00	2771.00	2963.00
4694.00	2768.00	2915.00
4698.00	2754.00	2908.00
4687.00	2734.00	2867.00
4677.00	2716.00	2852.00
4730.00	2706.00	2855.00
4718.00	2718.00	2889.00
4817.00	2719.00	2945.00
4808.00	2688.00	2946.00
4778.00	2670.00	2880.00
4749.00	2676.00	2877.00
4777.00	2660.00	2870.00
4830.00	2652.00	2871.00
4832.00	2659.00	2871.00
4812.00	2650.00	2850.00
4797.00	2624.00	2820.00
4786.00	2636.00	2841.00
4789.00	2637.00	2871.00
4789.00	2638.00	2852.00
4789.00	2628.00	2846.00
4789.00	2639.00	2829.00
4833.00	2661.00	2877.00
4826.00	2636.00	2872.00
4845.00	2581.00	2880.00
4867.00	2590.00	2885.00
5095.00	2602.00	2946.00
5215.00	2615.00	2994.00
5194.00	2649.00	2963.00
5125.00	2687.00	2905.00
5196.00	2681.00	2864.00
5459.00	2732.00	2978.00
5324.00	2680.00	2895.00
5285.00	2693.00	2870.00
5322.00	2673.00	2865.00
5184.00	2680.00	2805.00
5187.00	2677.00	2820.00
5243.00	2661.00	2815.00
5214.00	2651.00	2765.00
5153.00	2615.00	2720.00
5156.00	2609.00	2746.00
5250.00	2588.00	2811.00
5259.00	2538.00	2857.00
5248.00	2492.00	2794.00
5212.00	2508.00	2767.00
5191.00	2515.00	2744.00
5159.00	2519.00	2753.00
5135.00	2494.00	2749.00
5115.00	2463.00	2774.00
5189.00	2468.00	2850.00
5223.00	2497.00	2852.00
5233.00	2505.00	2813.00
5223.00	2520.00	2805.00
5228.00	2507.00	2809.00
5271.00	2519.00	2849.00
5296.00	2515.00	2856.00
5364.00	2520.00	2854.00
5482.00	2517.00	2855.00
5524.00	2510.00	2888.00
5544.00	2521.00	2912.00
5565.00	2506.00	2931.00
5586.00	2505.00	2948.00
5774.00	2565.00	3059.00
5769.00	2575.00	3047.00
5761.00	2573.00	3051.00
5790.00	2601.00	3062.00
5843.00	2605.00	3114.00
5921.00	2611.00	3191.00
5930.00	2617.00	3221.00
5885.00	2712.00	3241.00
5823.00	2713.00	3195.00
5779.00	2716.00	3182.00
5984.00	2762.00	3266.00
6275.00	2898.00	3427.00
6588.00	2898.00	3598.00
6889.00	2898.00	3726.00
6889.00	3475.00	3835.00
6889.00	3430.00	3916.00
6139.00	3333.00	3901.00
6918.00	3460.00	4084.00
7263.00	3613.00	4286.00
6912.00	3350.00	4028.00
6917.00	3300.00	4029.00
6581.00	3146.00	3855.00
6828.00	3218.00	3963.00
7112.00	3293.00	4131.00
7079.00	3271.00	4129.00
6850.00	3271.00	3994.00
6868.00	3271.00	3964.00
6852.00	3271.00	4001.00
6677.00	2753.00	3919.00
6668.00	2645.00	3836.00
6584.00	2620.00	3807.00
6696.00	2609.00	3820.00
6761.00	2551.00	3790.00
6801.00	2484.00	3790.00
6751.00	2500.00	3790.00
6872.00	2625.00	3790.00
6765.00	2650.00	3629.00
6581.00	2671.00	3603.00
6607.00	2746.00	3659.00
6937.00	2883.00	3841.00
7030.00	3019.00	4009.00
7355.00	3164.00	4202.00
7722.00	3322.00	4412.00
8108.00	3308.00	4438.00
8138.00	3320.00	4411.00
8531.00	3482.00	4627.00
8956.00	3656.00	4851.00
8943.00	3744.00	4836.00
9040.00	3744.00	4720.00
8956.00	3744.00	4623.00
8999.00	3666.00	4672.00
8671.00	3545.00	4536.00
9057.00	3709.00	4645.00
9103.00	3708.00	4524.00
9307.00	3656.00	4522.00
9585.00	3795.00	4667.00
10044.00	3981.00	4885.00
9889.00	4084.00	4785.00
9680.00	3993.00	4678.00
9829.00	4140.00	4782.00
9999.00	4191.00	4845.00
9510.00	4012.00	4666.00
9360.00	3963.00	4624.00
9080.00	3877.00	4532.00
8827.00	3727.00	4410.00
8965.00	3857.00	4538.00
9295.00	3972.00	4647.00
9077.00	3917.00	4606.00
9146.00	3941.00	4656.00
9046.00	3950.00	4673.00
9426.00	4096.00	4903.00
9805.00	4116.00	5118.00
10287.00	4223.00	5477.00
9855.00	4080.00	5399.00
9466.00	3952.00	5206.00
9348.00	3955.00	5240.00
9117.00	3890.00	5184.00
9319.00	4025.00	5262.00
9322.00	4090.00	5308.00
9542.00	4237.00	5518.00
9858.00	4419.00	5758.00
10224.00	4580.00	5925.00
10732.00	4558.00	6034.00
11266.00	4740.00	6315.00
11343.00	4777.00	6532.00
10776.00	4539.00	6214.00
10252.00	4341.00	6140.00
10138.00	4205.00	5996.00
9645.00	4015.00	5731.00
9855.00	4058.00	5865.00
10324.00	4250.00	6141.00
10453.00	4310.00	6146.00
10103.00	4129.00	5893.00
10400.00	4174.00	5977.00
10884.00	4365.00	6206.00
11101.00	4378.00	6265.00
11135.00	4338.00	6154.00
11408.00	4519.00	6342.00
11293.00	4595.00	6309.00
11105.00	4579.00	6219.00
10584.00	4472.00	6082.00
10258.00	4364.00	5989.00
10265.00	4286.00	5959.00
10555.00	4302.00	5956.00
10361.00	4308.00	5999.00
10255.00	4214.00	5991.00
10282.00	4265.00	5895.00
10304.00	4248.00	5878.00
10331.00	4245.00	5886.00
10267.00	4210.00	5825.00
10152.00	4073.00	5707.00
10254.00	4126.00	5756.00
10320.00	4144.00	5818.00
10341.00	4110.00	5803.00
10155.00	4045.00	5651.00
9930.00	3914.00	5434.00
10023.00	3998.00	5511.00
10152.00	4013.00	5531.00
10123.00	3994.00	5487.00
9875.00	3807.00	5254.00
9682.00	3745.00	5195.00
9775.00	3789.00	5241.00
9828.00	3760.00	5045.00
9565.00	3685.00	4875.00
9803.00	3832.00	5084.00
9926.00	4023.00	5285.00
9979.00	4009.00	5255.00
9986.00	4028.00	5270.00
9902.00	4024.00	5213.00
9799.00	4016.00	5152.00
9759.00	3972.00	5150.00
9643.00	3939.00	5143.00
9508.00	3905.00	5054.00
9479.00	3902.00	5026.00
9225.00	3855.00	4914.00
8807.00	3744.00	4763.00
8911.00	3744.00	4746.00
8490.00	3744.00	4545.00
8174.00	3744.00	4554.00
8267.00	2880.00	4747.00
8383.00	2960.00	4806.00
8297.00	2901.00	4742.00
8373.00	2899.00	4805.00
8406.00	2940.00	4877.00
8513.00	2900.00	4929.00
8656.00	2890.00	4889.00
8696.00	2860.00	4812.00
8696.00	2860.00	4812.00
8603.00	2803.00	4751.00
8539.00	2741.00	4704.00
8461.00	2692.00	4705.00
8470.00	2727.00	4802.00
8478.00	2805.00	4896.00
8501.00	2835.00	4945.00
8594.00	2827.00	4938.00
8693.00	2792.00	4977.00
8740.00	2801.00	5031.00
8727.00	2789.00	5108.00
8702.00	2762.00	5104.00
8681.00	2803.00	5105.00
8529.00	2779.00	5033.00
8364.00	2743.00	4969.00
8602.00	2739.00	4986.00
8629.00	2718.00	4982.00
8574.00	2750.00	4930.00
8449.00	2714.00	4800.00
8252.00	2661.00	4765.00
8283.00	2693.00	4794.00
8377.00	2697.00	4891.00
8558.00	2688.00	4863.00
8469.00	2657.00	4786.00
8460.00	2679.00	4838.00
8516.00	2798.00	4921.00
8568.00	2838.00	4924.00
8564.00	2829.00	4906.00
8612.00	2809.00	4888.00
8600.00	2787.00	4888.00
8584.00	2784.00	4888.00
8558.00	2759.00	4888.00
8612.00	2828.00	4888.00
9032.00	2955.00	2820.00
9432.00	3090.00	3046.00
9896.00	3241.00	3196.00
9953.00	3325.00	3245.00
9967.00	3394.00	3322.00
9795.00	3339.00	3275.00
9727.00	3318.00	3255.00
9713.00	3274.00	3188.00
9792.00	3331.00	3165.00
9737.00	3391.00	3167.00
9528.00	3304.00	3144.00
9419.00	3333.00	3150.00
9419.00	3308.00	3145.00
9419.00	3426.00	3206.00
9419.00	3567.00	3352.00
9419.00	3631.00	3405.00
7156.00	3655.00	3471.00
7513.00	3622.00	3466.00
7887.00	3624.00	3429.00
7986.00	3783.00	3478.00
8120.00	3861.00	3515.00
8119.00	3815.00	3506.00
8209.00	3789.00	3497.00
8230.00	3834.00	3557.00
8325.00	3942.00	3686.00
8294.00	3894.00	3675.00
8237.00	3853.00	3654.00
8210.00	3868.00	3729.00
8224.00	3951.00	3705.00
8346.00	4012.00	3756.00
8718.00	4180.00	3930.00
8774.00	4133.00	3936.00
8710.00	4095.00	3921.00
8966.00	4170.00	4052.00
8993.00	4072.00	4021.00
8869.00	4012.00	3978.00
9010.00	4013.00	4003.00
8947.00	3982.00	3983.00
8939.00	3960.00	3974.00
9035.00	3958.00	3992.00
8956.00	3954.00	3991.00
9128.00	4048.00	4107.00
9373.00	4167.00	4279.00
9461.00	4212.00	4350.00
9568.00	4284.00	4391.00
10043.00	4307.00	4487.00
10000.00	4324.00	4499.00
9612.00	4123.00	4295.00
9357.00	4006.00	4216.00
9652.00	4128.00	4336.00
9362.00	4007.00	4212.00
9017.00	3957.00	4126.00
9266.00	4056.00	4233.00
9296.00	4048.00	4292.00
9125.00	4002.00	4245.00
9245.00	3941.00	4187.00
9201.00	3920.00	4162.00
9257.00	3913.00	4187.00
9256.00	3999.00	4295.00
9234.00	3953.00	4273.00
9308.00	3917.00	4251.00
9471.00	3999.00	4288.00
9937.00	4197.00	4499.00
10013.00	4206.00	4500.00
9859.00	4033.00	4390.00
9931.00	4043.00	4385.00
10085.00	4067.00	4385.00
10085.00	4039.00	4378.00
10085.00	4051.00	4444.00
9085.00	4055.00	4417.00
8892.00	4057.00	4382.00
8620.00	4128.00	4382.00
8237.00	4079.00	4336.00
8314.00	4099.00	4375.00
8335.00	4105.00	4349.00
8303.00	4088.00	4399.00
8235.00	4190.00	4351.00
8190.00	4214.00	4365.00
8239.00	4259.00	4388.00
8453.00	4426.00	4499.00
8612.00	4599.00	4698.00
8620.00	4719.00	4835.00
8501.00	4716.00	4772.00
8379.00	4688.00	4640.00
8319.00	4623.00	4583.00
8215.00	4520.00	4499.00
8114.00	4475.00	4408.00
8123.00	4499.00	4424.00
8116.00	4481.00	4504.00
8100.00	4471.00	4472.00
8006.00	4473.00	4461.00
8103.00	4419.00	4428.00
8243.00	4419.00	4419.00
8067.00	4419.00	4425.00
7845.00	4419.00	4311.00
7880.00	4269.00	4297.00
7856.00	4154.00	4297.00
8242.00	4225.00	4297.00
8309.00	4436.00	4147.00
8048.00	4509.00	4090.00
8126.00	4596.00	4101.00
8204.00	4494.00	4017.00
8153.00	4510.00	4054.00
8130.00	4525.00	4054.00
8123.00	4506.00	4034.00
8110.00	4513.00	4009.00
8046.00	4360.00	3966.00
7985.00	4314.00	3952.00
7965.00	4213.00	3938.00
7968.00	4161.00	3879.00
8057.00	4184.00	3876.00
7998.00	4137.00	3826.00
7972.00	4154.00	3829.00
7922.00	4138.00	3865.00
8046.00	4237.00	3975.00
8129.00	4177.00	3931.00
8031.00	4140.00	3902.00
8105.00	4156.00	3901.00
7988.00	4119.00	3870.00
8036.00	4105.00	3869.00
8344.00	4208.00	3976.00
8446.00	4261.00	4040.00
8392.00	4327.00	4082.00
8606.00	4530.00	4268.00
8675.00	4659.00	4339.00
8636.00	4561.00	4221.00
8664.00	4593.00	4380.00
8713.00	4659.00	4489.00
8636.00	4809.00	4481.00
8543.00	4856.00	4428.00
8729.00	4952.00	4427.00
8964.00	5101.00	4509.00
9037.00	5004.00	4484.00
9352.00	5016.00	4499.00
9060.00	4953.00	4402.00
8824.00	4870.00	4291.00
8895.00	4996.00	4303.00
8959.00	5194.00	4369.00
9340.00	5443.00	4523.00
9178.00	5447.00	4510.00
9170.00	5427.00	4514.00
9147.00	5484.00	4723.00
9094.00	5388.00	4692.00
9133.00	5420.00	4732.00
9035.00	5258.00	4647.00
9009.00	5212.00	4585.00
9028.00	5175.00	4558.00
8798.00	4997.00	4453.00
8794.00	4998.00	4470.00
8679.00	4937.00	4384.00
8748.00	4996.00	4408.00
9033.00	5209.00	4582.00
9112.00	5409.00	4637.00
8856.00	5412.00	4595.00
8670.00	5308.00	4477.00
8873.00	5334.00	4524.00
8689.00	5207.00	4458.00
8774.00	5343.00	4566.00
8808.00	5417.00	4644.00
8847.00	5367.00	4573.00
8759.00	5376.00	4576.00
8799.00	5383.00	4573.00
8837.00	5390.00	4612.00
8839.00	5358.00	4568.00
8928.00	5331.00	4554.00
8930.00	5306.00	4521.00
8930.00	5306.00	4521.00
8888.00	5323.00	4532.00
8833.00	5309.00	4498.00
8847.00	5292.00	4499.00
8798.00	5305.00	4487.00
8781.00	5249.00	4475.00
8859.00	5286.00	4452.00
8837.00	5284.00	4442.00
8831.00	5266.00	4440.00
8709.00	5272.00	4411.00
8794.00	5231.00	4383.00
8741.00	5223.00	4374.00
8725.00	5218.00	4368.00
8684.00	5258.00	4379.00
8705.00	5323.00	4409.00
8657.00	5558.00	4484.00
8788.00	5772.00	4562.00
8795.00	5789.00	4609.00
9169.00	6067.00	4800.00
9434.00	6178.00	4903.00
9295.00	6094.00	4906.00
9491.00	6091.00	4941.00
9443.00	6312.00	4937.00
9532.00	6426.00	5048.00
9537.00	6425.00	5019.00
9578.00	6425.00	5091.00
9666.00	6503.00	5238.00
9978.00	6595.00	5363.00
10187.00	6674.00	5446.00
10231.00	6667.00	5399.00
10105.00	6769.00	5360.00
10196.00	6769.00	5442.00
10349.00	6778.00	5577.00
10349.00	6778.00	5577.00
10349.00	6778.00	5577.00
10270.00	6759.00	5524.00
10090.00	6916.00	5715.00
0	0	5715.00
10095.00	6922.00	5715.00
10599.00	7251.00	3555.00
11122.00	7378.00	3976.00
11285.00	7506.00	3974.00
11866.00	7673.00	3950.00
12023.00	7673.00	3913.00
11422.00	7673.00	3844.00
10851.00	7673.00	3791.00
10864.00	6116.00	3816.00
10765.00	6068.00	3765.00
10745.00	6062.00	3778.00
10877.00	5902.00	3853.00
10785.00	6168.00	3870.00
11075.00	6376.00	4001.00
11418.00	6283.00	3948.00
11547.00	6235.00	3925.00
12351.00	6320.00	4006.00
12874.00	6567.00	4168.00
13400.00	6817.00	4329.00
12936.00	6802.00	4288.00
13115.00	6832.00	4297.00
13761.00	7052.00	4461.00
14448.00	7142.00	4512.00
15111.00	7253.00	4703.00
15025.00	7120.00	4578.00
14908.00	7112.00	4603.00
14547.00	7261.00	4678.00
14664.00	7509.00	4816.00
14190.00	7467.00	4730.00
13526.00	7181.00	4594.00
12644.00	6782.00	4497.00
12327.00	6869.00	4417.00
12940.00	7189.00	4535.00
12833.00	7174.00	4537.00
13068.00	6752.00	4411.00
12904.00	6878.00	4413.00
13097.00	7098.00	4490.00
12878.00	7035.00	4481.00
13491.00	7318.00	4665.00
13704.00	7276.00	4698.00
13445.00	7115.00	4665.00
13940.00	7423.00	4841.00
14561.00	7750.00	5071.00
14481.00	7884.00	5297.00
14598.00	8255.00	5522.00
14432.00	8400.00	5523.00
13931.00	8376.00	5443.00
14483.00	8738.00	5663.00
15181.00	9172.00	5946.00
15590.00	9534.00	6197.00
16122.00	9839.00	6480.00
16824.00	10052.00	6799.00
18367.00	10633.00	6799.00
19285.00	11164.00	7481.00
20247.00	11164.00	7855.00
20247.00	11164.00	8247.00
20247.00	12237.00	8659.00
22317.00	12848.00	9091.00
23432.00	13490.00	9545.00
24266.00	14133.00	10022.00
24902.00	14385.00	10262.00
24726.00	14636.00	10198.00
25962.00	15367.00	10701.00
27246.00	16135.00	11236.00
28315.00	16938.00	11236.00
26900.00	16267.00	11236.00
25850.00	15819.00	11550.00
24678.00	15069.00	10973.00
23464.00	14328.00	10425.00
24159.00	14747.00	10165.00
23792.00	14497.00	9755.00
22654.00	13813.00	9274.00
21586.00	13134.00	8811.00
20626.00	12536.00	8385.00
21282.00	12882.00	8655.00
22180.00	13526.00	9087.00
23154.00	13626.00	9047.00
24097.00	14074.00	9190.00
25249.00	14739.00	9626.00
26411.00	15475.00	10066.00
27523.00	16248.00	10562.00
26758.00	16993.00	10589.00
25932.00	17791.00	10763.00
27157.00	18674.00	11291.00
27730.00	19600.00	11850.00
26960.00	20280.00	11680.00
28160.00	20590.00	11470.00
29440.00	20590.00	11690.00
30910.00	21610.00	12260.00
32020.00	22690.00	12860.00
33240.00	23820.00	13490.00
34700.00	25010.00	14160.00
35910.00	26030.00	14160.00
37640.00	27330.00	14860.00
36220.00	28230.00	15390.00
34580.00	27770.00	15110.00
36270.00	29140.00	15860.00
37560.00	30590.00	16650.00
35800.00	30820.00	16910.00
37090.00	31840.00	17520.00
38940.00	33430.00	18390.00
40070.00	33430.00	19300.00
39100.00	32390.00	20080.00
37510.00	32220.00	20150.00
39000.00	33820.00	21150.00
37430.00	35100.00	21930.00
37120.00	36840.00	23020.00
37170.00	37260.00	23020.00
37340.00	35400.00	21870.00
39200.00	35970.00	22170.00
41160.00	35970.00	23260.00
43070.00	35970.00	23640.00
45040.00	35970.00	22690.00
47290.00	37410.00	23180.00
49600.00	35900.00	22210.00
48990.00	34170.00	21190.00
50580.00	33410.00	20710.00
48210.00	31820.00	19750.00
50520.00	33200.00	20650.00
49110.00	33340.00	21430.00
47370.00	31840.00	20940.00
47370.00	30380.00	20940.00
47370.00	31450.00	20940.00
46840.00	33000.00	20720.00
42930.00	33060.00	19280.00
41890.00	31530.00	18620.00
43590.00	30870.00	19060.00
41620.00	29360.00	18200.00
39920.00	27940.00	17440.00
41920.00	29270.00	18300.00
41330.00	28200.00	18080.00
39320.00	26830.00	17180.00
41070.00	27970.00	17570.00
39610.00	27060.00	16830.00
39510.00	27740.00	16250.00
41480.00	29120.00	17060.00
43550.00	30570.00	17910.00
45720.00	32090.00	18720.00
47380.00	33150.00	18500.00
45150.00	31940.00	17610.00
47390.00	33510.00	18380.00
48940.00	34880.00	18930.00
46530.00	33360.00	18030.00
46020.00	31700.00	17130.00
45470.00	31340.00	16740.00
47720.00	32890.00	17560.00
47060.00	32400.00	17860.00
49050.00	33750.00	18670.00
51310.00	35390.00	19600.00
53040.00	36990.00	20550.00
52830.00	37120.00	21330.00
50620.00	35560.00	20550.00
48090.00	33790.00	19530.00
46390.00	32760.00	19130.00
46590.00	33380.00	19880.00
45650.00	32180.00	19810.00
43440.00	30730.00	18870.00
41270.00	29200.00	17930.00
40170.00	28190.00	17500.00
41270.00	28730.00	17920.00
43200.00	30030.00	18710.00
41650.00	29320.00	18210.00
39800.00	28210.00	17860.00
39930.00	28270.00	17860.00
40120.00	28650.00	18000.00
38730.00	27950.00	17490.00
40540.00	29200.00	18230.00
39880.00	28310.00	17600.00
40180.00	28240.00	17580.00
38820.00	27470.00	17030.00
37070.00	26150.00	16290.00
35260.00	24850.00	15480.00
33630.00	23610.00	14710.00
33880.00	23990.00	14330.00
32450.00	22900.00	13740.00
32600.00	21800.00	13080.00
32030.00	20790.00	12500.00
33420.00	20580.00	12440.00
35040.00	21540.00	13010.00
34410.00	20910.00	12510.00
34330.00	20860.00	12330.00
36040.00	21900.00	12940.00
34240.00	20810.00	12300.00
32530.00	19980.00	12040.00
31610.00	19060.00	11540.00
32070.00	19360.00	11600.00
33040.00	19890.00	11760.00
34690.00	20880.00	12310.00
36080.00	21910.00	12660.00
37140.00	22840.00	12970.00
38860.00	23980.00	13560.00
40640.00	25170.00	14210.00
39150.00	26330.00	13970.00
37340.00	27010.00	13390.00
36380.00	27260.00	13190.00
34700.00	26080.00	12640.00
36210.00	27080.00	13120.00
36680.00	27720.00	13650.00
37400.00	27720.00	13740.00
38470.00	27720.00	14250.00
38730.00	27720.00	14420.00
38850.00	27720.00	14320.00
39120.00	27720.00	14310.00
40240.00	14050.00	14560.00
41310.00	14050.00	14320.00
40780.00	16100.00	14320.00
40520.00	16060.00	14440.00
40520.00	16660.00	15160.00
40520.00	16010.00	15110.00
40520.00	15350.00	14550.00
40520.00	14600.00	13840.00
40520.00	14970.00	13930.00
40520.00	15700.00	14600.00
16370.00	15900.00	14510.00
17090.00	15910.00	14330.00
16920.00	15690.00	14250.00
16540.00	15580.00	14030.00
15990.00	14950.00	13560.00
15810.00	14940.00	13500.00
15850.00	15100.00	13640.00
15240.00	14570.00	13360.00
15060.00	14200.00	13220.00
14490.00	13550.00	12600.00
14790.00	13660.00	12640.00
14990.00	13830.00	12690.00
15120.00	13440.00	12320.00
14540.00	12870.00	11780.00
14340.00	12260.00	11260.00
14900.00	12440.00	11780.00
14450.00	11980.00	11870.00
13780.00	11440.00	11300.00
13340.00	10950.00	10840.00
12690.00	10410.00	10320.00
12090.00	9890.00	9810.00
12610.00	9910.00	10200.00
13190.00	10380.00	10680.00
13820.00	10890.00	11210.00
13700.00	11170.00	11620.00
13430.00	11220.00	11790.00
13490.00	10930.00	11680.00
13370.00	10780.00	11670.00
13890.00	11290.00	12220.00
13670.00	11220.00	12090.00
13240.00	10780.00	11750.00
12620.00	10300.00	11230.00
12160.00	9940.00	10780.00
11600.00	9470.00	10300.00
12140.00	9930.00	10810.00
12660.00	10400.00	11340.00
13270.00	10870.00	11870.00
14060.00	11520.00	12580.00
13970.00	12160.00	12770.00
13750.00	12460.00	12660.00
13480.00	12280.00	12430.00
13230.00	12130.00	12200.00
12990.00	12780.00	12090.00
12920.00	12570.00	11870.00
12740.00	12670.00	11650.00
12620.00	13150.00	11810.00
12470.00	13230.00	11830.00
12230.00	12970.00	11600.00
11990.00	12860.00	11390.00
12490.00	12650.00	11560.00
12980.00	12560.00	11820.00
12750.00	12320.00	11740.00
12570.00	12080.00	11570.00
13210.00	11970.00	11780.00
13850.00	12350.00	12410.00
13920.00	12410.00	12590.00
13890.00	12230.00	12500.00
14060.00	12470.00	12740.00
14430.00	12570.00	12740.00
14900.00	12610.00	12740.00
15740.00	13260.00	13500.00
15600.00	13610.00	14170.00
15440.00	13430.00	14060.00
15170.00	13230.00	13800.00
15330.00	13040.00	13970.00
15060.00	12810.00	13760.00
14770.00	12560.00	13490.00
14480.00	12310.00	13230.00
14550.00	12150.00	13020.00
14590.00	12140.00	12960.00
14340.00	11910.00	12720.00
14060.00	11740.00	12470.00
13860.00	11510.00	12230.00
14000.00	11300.00	12310.00
14810.00	11730.00	12980.00
14980.00	11600.00	12950.00
14720.00	11380.00	12700.00
14430.00	11160.00	12470.00
14470.00	11140.00	12290.00
14760.00	11280.00	12350.00
14680.00	11040.00	12110.00
14620.00	11260.00	12000.00
14230.00	10960.00	11760.00
14500.00	11430.00	12040.00
15240.00	12040.00	12660.00
15330.00	12210.00	12770.00
14910.00	11920.00	12420.00
14470.00	11570.00	12070.00
14180.00	11230.00	11720.00
14520.00	11830.00	11970.00
14500.00	12180.00	11930.00
14090.00	11850.00	11580.00
14450.00	12350.00	12020.00
15020.00	12950.00	12660.00
14920.00	12990.00	12730.00
15140.00	13210.00	12910.00
15320.00	13060.00	12740.00
15050.00	12700.00	12470.00
15120.00	12960.00	12440.00
14800.00	12460.00	12440.00
14090.00	11860.00	12440.00
13990.00	11450.00	12440.00
14100.00	11380.00	8870.00
14470.00	11790.00	8900.00
14820.00	11830.00	8970.00
15500.00	12400.00	9390.00
15700.00	12730.00	9770.00
15590.00	12460.00	9640.00
15620.00	12390.00	9650.00
15530.00	12460.00	9840.00
15440.00	12440.00	10010.00
15220.00	12380.00	9930.00
15100.00	12090.00	9770.00
14910.00	12050.00	9740.00
14850.00	12060.00	9720.00
15060.00	12250.00	9850.00
15100.00	12150.00	9920.00
15030.00	11980.00	9920.00
15300.00	11880.00	10090.00
15290.00	11600.00	10140.00
15270.00	11540.00	10080.00
15370.00	11830.00	10210.00
16040.00	12310.00	10590.00
16640.00	12420.00	10800.00
16610.00	12220.00	10650.00
16590.00	12140.00	10610.00
16590.00	12240.00	10670.00
16590.00	12240.00	10630.00
16590.00	12040.00	10250.00
16590.00	12050.00	10270.00
15870.00	12210.00	10260.00
16160.00	12760.00	10690.00
15540.00	12870.00	10460.00
15340.00	12660.00	10260.00
15500.00	12880.00	10540.00
15740.00	13020.00	10850.00
15540.00	12770.00	10830.00
15480.00	12670.00	10670.00
15290.00	12750.00	10660.00
14970.00	12650.00	10490.00
15260.00	12650.00	10490.00
15940.00	12650.00	10790.00
15730.00	12390.00	10540.00
15770.00	12950.00	10600.00
16490.00	13540.00	10950.00
16440.00	13590.00	10950.00
16350.00	13310.00	10950.00
16650.00	13490.00	10950.00
16760.00	14020.00	10550.00
16270.00	13920.00	10550.00
16230.00	13860.00	11000.00
17040.00	13970.00	11330.00
17530.00	14070.00	11790.00
18060.00	14500.00	12280.00
17820.00	14300.00	12210.00
18050.00	14360.00	12330.00
18050.00	14310.00	12360.00
18000.00	14220.00	12250.00
18310.00	14440.00	12470.00
18250.00	14350.00	12370.00
18690.00	14480.00	12510.00
19380.00	14640.00	12630.00
18620.00	13950.00	12100.00
18550.00	13720.00	11930.00
18890.00	13860.00	12040.00
19000.00	14010.00	12060.00
18910.00	13820.00	11890.00
18780.00	13810.00	11800.00
18580.00	13620.00	11590.00
18530.00	13670.00	11600.00
18310.00	13910.00	11580.00
17930.00	13360.00	11260.00
17920.00	13130.00	11180.00
18230.00	13220.00	11310.00
18010.00	13110.00	11220.00
17200.00	12570.00	10710.00
16870.00	12180.00	10440.00
17030.00	12350.00	10480.00
16340.00	12010.00	10140.00
16030.00	12050.00	10100.00
16540.00	12590.00	10550.00
16410.00	12850.00	10500.00
16100.00	12930.00	10440.00
16550.00	12980.00	10480.00
17200.00	13220.00	10900.00
16990.00	13000.00	10860.00
17220.00	13000.00	10830.00
16650.00	13060.00	10670.00
16160.00	12850.00	10380.00
16050.00	12680.00	10280.00
16370.00	12790.00	10310.00
15860.00	12450.00	10070.00
15720.00	12270.00	10050.00
16490.00	12880.00	10550.00
16560.00	13440.00	10600.00
16700.00	13690.00	10630.00
16880.00	13820.00	10770.00
16660.00	13530.00	10550.00
16130.00	13300.00	10990.00
15900.00	13090.00	10960.00
15970.00	13130.00	11050.00
16100.00	13310.00	11480.00
15990.00	13010.00	11310.00
15330.00	12670.00	10980.00
15610.00	13140.00	11400.00
15790.00	13280.00	11670.00
16040.00	13500.00	11930.00
16040.00	13870.00	12290.00
16040.00	13570.00	11940.00
16040.00	13540.00	11940.00
16040.00	13790.00	12010.00
6680.00	13810.00	11970.00
6740.00	13780.00	11750.00
7050.00	13750.00	11740.00
6750.00	13340.00	11280.00
6720.00	13280.00	11220.00
6690.00	13210.00	11160.00
6430.00	13210.00	10690.00
6510.00	13290.00	10880.00
6580.00	13290.00	11130.00
6580.00	13290.00	10910.00
6560.00	13290.00	10770.00
6490.00	13290.00	10280.00
6480.00	6650.00	10300.00
6470.00	6650.00	10220.00
6450.00	6650.00	10100.00
6350.00	6650.00	10070.00
6350.00	6650.00	10100.00
6370.00	6650.00	10320.00
6360.00	6460.00	10270.00
6360.00	6450.00	10260.00
6360.00	6610.00	10460.00
6360.00	6600.00	10410.00
6310.00	6370.00	10120.00
6180.00	6220.00	9790.00
6180.00	6190.00	9850.00
6180.00	6250.00	9870.00
6250.00	6310.00	9950.00
6220.00	6160.00	9700.00
6260.00	6210.00	9950.00
6290.00	6440.00	10120.00
6550.00	6720.00	10550.00
6600.00	7010.00	10810.00
6650.00	7050.00	10710.00
6700.00	7340.00	11100.00
6690.00	7280.00	10960.00
6680.00	7230.00	10820.00
6640.00	7210.00	10530.00
6530.00	7290.00	10570.00
6450.00	7260.00	10570.00
6370.00	7240.00	10390.00
6390.00	7250.00	10400.00
6350.00	7240.00	10360.00
6150.00	7110.00	10060.00
6110.00	7050.00	10030.00
6070.00	7070.00	10100.00
6040.00	7090.00	10100.00
6000.00	7110.00	10050.00
5950.00	7040.00	9990.00
5920.00	6970.00	9930.00
5670.00	6830.00	9580.00
5580.00	6720.00	9620.00
5560.00	6750.00	9970.00
5290.00	6560.00	9700.00
5080.00	6330.00	9560.00
4840.00	6290.00	9480.00
5040.00	6560.00	9920.00
5230.00	6860.00	10390.00
5330.00	7040.00	10660.00
5330.00	7070.00	10740.00
5310.00	7080.00	10760.00
5310.00	7100.00	10790.00
5280.00	7110.00	10810.00
5060.00	7030.00	10670.00
4970.00	6950.00	10440.00
4980.00	6920.00	10390.00
4990.00	6890.00	10330.00
4998.00	6950.00	10260.00
4993.00	6900.00	10220.00
5033.00	7010.00	10480.00
5019.00	7010.00	10490.00
4990.00	7020.00	10490.00
4950.00	7020.00	10490.00
4920.00	6980.00	10360.00
4900.00	7030.00	10400.00
4840.00	7030.00	10400.00
4806.00	6950.00	10240.00
4722.00	6760.00	10050.00
4731.00	6690.00	10110.00
4735.00	6690.00	10070.00
4837.00	6900.00	10170.00
5056.00	7060.00	10590.00
5280.00	7150.00	10740.00
5286.00	7170.00	10530.00
5404.00	7170.00	10590.00
5320.00	6970.00	10470.00
5310.00	6960.00	10510.00
5290.00	6960.00	10520.00
5230.00	6970.00	10520.00
5220.00	7060.00	10670.00
5380.00	7240.00	10940.00
5630.00	7540.00	11440.00
5890.00	7590.00	11670.00
6130.00	7530.00	11750.00
6100.00	7450.00	11510.00
6090.00	7480.00	11610.00
6380.00	7830.00	12160.00
6440.00	7750.00	12360.00
6560.00	7730.00	12300.00
6420.00	7640.00	12060.00
6350.00	7570.00	11980.00
6370.00	7620.00	12220.00
6380.00	7620.00	12260.00
6070.00	7270.00	11680.00
5950.00	7380.00	11860.00
5900.00	7460.00	11990.00
5900.00	7460.00	11990.00
6110.00	7550.00	11990.00
6130.00	7560.00	11990.00
6030.00	7570.00	12080.00
5940.00	7500.00	11910.00
5960.00	7550.00	12050.00
5990.00	7580.00	12090.00
5900.00	7590.00	12080.00
5880.00	7550.00	11960.00
5830.00	7470.00	11880.00
5810.00	7500.00	11770.00
5820.00	7480.00	11820.00
6030.00	7470.00	12050.00
6050.00	7400.00	11940.00
6000.00	7340.00	11890.00
6070.00	7370.00	12120.00
6050.00	7350.00	12160.00
6070.00	7270.00	12090.00
6200.00	7390.00	12320.00
6460.00	7610.00	12770.00
6310.00	7590.00	12690.00
6170.00	7540.00	12550.00
6200.00	7550.00	12540.00
6060.00	7480.00	12400.00
5950.00	7450.00	12260.00
5890.00	7400.00	12110.00
5750.00	7360.00	11960.00
5570.00	7280.00	11730.00
5590.00	7310.00	11750.00
5590.00	7400.00	11750.00
5590.00	7400.00	11750.00
5460.00	7320.00	11280.00
5440.00	7310.00	11280.00
5470.00	7340.00	11290.00
5470.00	7370.00	11290.00
5670.00	7470.00	11460.00
6010.00	7720.00	11820.00
6310.00	7650.00	11820.00
6170.00	7520.00	11710.00
6010.00	7440.00	11610.00
5970.00	7400.00	11610.00
5970.00	7370.00	11620.00
5870.00	7300.00	11550.00
5800.00	7180.00	11440.00
5530.00	6940.00	11150.00
5540.00	6710.00	10890.00
5490.00	6720.00	10890.00
5490.00	6740.00	10930.00
5430.00	6740.00	10940.00
5360.00	6680.00	10830.00
5310.00	6570.00	10800.00
5310.00	6570.00	10800.00
5350.00	6610.00	10980.00
5270.00	6470.00	11040.00
5240.00	6440.00	11100.00
5260.00	6340.00	11400.00
5260.00	6270.00	11370.00
5260.00	6210.00	11310.00
5260.00	6080.00	11080.00
4930.00	6050.00	10990.00
4670.00	6050.00	10990.00
4600.00	6050.00	10990.00
4443.00	6050.00	10990.00
4289.00	5350.00	10930.00
4114.00	5350.00	10690.00
4114.00	5230.00	10690.00
4105.00	5270.00	10930.00
4091.00	5400.00	11040.00
4006.00	5350.00	11170.00
4020.00	5380.00	11170.00
4022.00	5390.00	11170.00
4042.00	5450.00	11170.00
4069.00	5560.00	9470.00
4081.00	5560.00	5460.00
4082.00	5580.00	5520.00
4156.00	5700.00	5780.00
4143.00	5630.00	5740.00
4116.00	5540.00	5670.00
4097.00	5460.00	5600.00
4092.00	5420.00	5560.00
4068.00	5340.00	5560.00
3941.00	5320.00	5420.00
3882.00	5320.00	5310.00
3887.00	5420.00	5270.00
3887.00	5460.00	5330.00
3887.00	5460.00	5330.00
3887.00	5390.00	5270.00
3887.00	5350.00	5230.00
2455.00	5350.00	5170.00
2455.00	5310.00	5140.00
2455.00	5230.00	5090.00
2455.00	5230.00	5090.00
2474.00	5220.00	5080.00
2467.00	5160.00	5060.00
2434.00	5090.00	5060.00
2385.00	5070.00	5030.00
2391.00	5050.00	5030.00
2415.00	5060.00	5100.00
2407.00	5090.00	5180.00
2394.00	5100.00	5170.00
2364.00	5050.00	5110.00
2335.00	5040.00	5100.00
2327.00	5030.00	5080.00
2265.00	5020.00	5020.00
2238.00	4900.00	4910.00
2239.00	4930.00	4950.00
2249.00	4980.00	5040.00
2227.00	4880.00	4930.00
2215.00	4860.00	4930.00
2216.00	4860.00	4930.00
2213.00	4851.00	4920.00
2207.00	4848.00	4914.00
2192.00	4848.00	4909.00
2194.00	4832.00	4897.00
2196.00	4896.00	4979.00
2212.00	4967.00	5058.00
2215.00	4895.00	5030.00
2216.00	4863.00	4990.00
2231.00	4864.00	4980.00
2232.00	4864.00	4950.00
2227.00	4854.00	4910.00
2214.00	4854.00	4884.00
2068.00	4857.00	4732.00
1949.00	4780.00	4474.00
1943.00	4740.00	4432.00
1918.00	4673.00	4311.00
1913.00	4743.00	4361.00
1919.00	4858.00	4487.00
fakhouz	famly	foulad
1923.00	4916.00	4549.00
1929.00	4951.00	4611.00
1941.00	4984.00	4610.00
2039.00	5325.00	4914.00
2138.00	5589.00	4949.00
2267.00	5902.00	5128.00
2368.00	5980.00	5166.00
2377.00	5985.00	5157.00
2376.00	6300.00	5210.00
2335.00	6170.00	5080.00
2324.00	6090.00	5030.00
2329.00	6110.00	5040.00
2319.00	6130.00	5060.00
2260.00	5950.00	4900.00
2272.00	5990.00	4980.00
2271.00	5990.00	4980.00
2268.00	5960.00	4950.00
2266.00	5950.00	4930.00
2256.00	5910.00	4912.00
2243.00	5930.00	4918.00
2232.00	5930.00	4922.00
2221.00	6020.00	4922.00
2224.00	6150.00	4922.00
2275.00	6230.00	4984.00
2295.00	6220.00	4987.00
2291.00	6220.00	4959.00
2292.00	6190.00	4940.00
2278.00	6080.00	4865.00
2267.00	6010.00	4756.00
2298.00	6200.00	4795.00
2396.00	6430.00	4965.00
2512.00	6840.00	5287.00
2524.00	6950.00	5467.00
2475.00	6880.00	5390.00
2578.00	7120.00	5620.00
2582.00	7040.00	5630.00
2551.00	6960.00	5550.00
2534.00	6950.00	5530.00
2636.00	7220.00	5830.00
2714.00	7250.00	5930.00
2752.00	7190.00	5880.00
2940.00	7660.00	6280.00
2922.00	7380.00	5970.00
2930.00	7240.00	5840.00
3031.00	7430.00	5980.00
2990.00	7350.00	5940.00
2953.00	7240.00	5800.00
2978.00	7360.00	5900.00
3166.00	7460.00	6080.00
3189.00	7480.00	6130.00
3311.00	7710.00	6500.00
3307.00	7620.00	6420.00
3274.00	7710.00	6300.00
3274.00	7710.00	6300.00
3326.00	7910.00	6460.00
3324.00	7880.00	6440.00
3323.00	7860.00	6400.00
3134.00	7640.00	6140.00
3083.00	7700.00	6180.00
3118.00	7810.00	6230.00
3118.00	7780.00	6210.00
3019.00	7600.00	6080.00
2929.00	7600.00	6080.00
2832.00	7360.00	5870.00
2787.00	7390.00	5870.00
2803.00	7480.00	5990.00
2798.00	7520.00	5990.00
2780.00	7450.00	5950.00
2783.00	7550.00	6000.00
2959.00	7830.00	6180.00
2972.00	7900.00	6270.00
2984.00	7820.00	6260.00
3068.00	7830.00	6320.00
3059.00	7790.00	6300.00
3043.00	7740.00	6270.00
3178.00	7870.00	6420.00
3399.00	8420.00	6860.00
3634.00	9000.00	7340.00
3645.00	9030.00	7440.00
3900.00	9660.00	7960.00
4097.00	10260.00 8480.00
3956.00	10260.00 8450.00
3886.00	10320.00 8570.00
3710.00	10180.00 8350.00
3642.00	9870.00	8110.00
3625.00	9830.00	8080.00
3548.00	9830.00	7940.00
3697.00	9830.00	8440.00
3639.00	9670.00	8260.00
3572.00	9670.00	7920.00
3575.00	9670.00	7940.00
3602.00	9670.00	7940.00
3798.00	6450.00	7940.00
4057.00	7020.00	7940.00
4062.00	7490.00	5890.00
